date,etf,asset_type,scheme,z_composite,z_th,position,is_trade,trade_return,raw_pnl,fee,net_pnl,cum_pnl
2022-01-04,300ETF,Spot ETF,rank,-0.8171,1.5,-1.0,1,0.003412,-0.003412,0.0008,-0.004212,-0.004212
2022-01-05,300ETF,Spot ETF,rank,-0.6641,1.5,0.0,0,-0.004237,-0.0,0.0008,-0.0008,-0.005012
2022-01-06,300ETF,Spot ETF,rank,-0.3085,1.5,0.0,0,-0.004901,-0.0,0.0,-0.0,-0.005012
2022-01-07,300ETF,Spot ETF,rank,1.1028,1.5,0.0,0,-0.003257,-0.0,0.0,-0.0,-0.005012
2022-01-10,300ETF,Spot ETF,rank,-0.193,1.5,0.0,0,0.003877,0.0,0.0,0.0,-0.005012
2022-01-11,300ETF,Spot ETF,rank,-0.3648,1.5,0.0,0,-0.005926,-0.0,0.0,-0.0,-0.005012
2022-01-12,300ETF,Spot ETF,rank,-0.07,1.5,0.0,0,0.005708,0.0,0.0,0.0,-0.005012
2022-01-13,300ETF,Spot ETF,rank,-0.7005,1.5,0.0,0,-0.0123,-0.0,0.0,-0.0,-0.005012
2022-01-14,300ETF,Spot ETF,rank,-0.8509,1.5,-1.0,1,-0.000831,0.000831,0.0008,3.1e-05,-0.004981
2022-01-17,300ETF,Spot ETF,rank,1.0153,1.5,0.0,0,0.002898,0.0,0.0008,-0.0008,-0.005781
2022-01-18,300ETF,Spot ETF,rank,0.5595,1.5,0.0,0,0.004518,0.0,0.0,0.0,-0.005781
2022-01-19,300ETF,Spot ETF,rank,-0.0255,1.5,0.0,0,-0.004805,-0.0,0.0,-0.0,-0.005781
2022-01-20,300ETF,Spot ETF,rank,1.375,1.5,0.0,0,0.002076,0.0,0.0,0.0,-0.005781
2022-01-21,300ETF,Spot ETF,rank,-0.9551,1.5,-1.0,1,-0.005218,0.005218,0.0008,0.004418,-0.001363
2022-01-24,300ETF,Spot ETF,rank,0.0681,1.5,0.0,0,0.003353,0.0,0.0008,-0.0008,-0.002163
2022-01-25,300ETF,Spot ETF,rank,-0.1838,1.5,0.0,0,-0.013315,-0.0,0.0,-0.0,-0.002163
2022-01-26,300ETF,Spot ETF,rank,0.8706,1.5,0.0,0,0.001703,0.0,0.0,0.0,-0.002163
2022-01-27,300ETF,Spot ETF,rank,-0.6961,1.5,0.0,0,-0.013109,-0.0,0.0,-0.0,-0.002163
2022-01-28,300ETF,Spot ETF,rank,0.3273,1.5,0.0,0,-0.004789,-0.0,0.0,-0.0,-0.002163
2022-02-07,300ETF,Spot ETF,rank,1.5552,1.5,1.0,1,-0.002379,-0.002379,0.0008,-0.003179,-0.005342
2022-02-08,300ETF,Spot ETF,rank,-1.0462,1.5,-1.0,1,-0.000218,0.000218,0.0016,-0.001382,-0.006724
2022-02-09,300ETF,Spot ETF,rank,0.1391,1.5,0.0,0,0.011906,0.0,0.0008,-0.0008,-0.007524
2022-02-10,300ETF,Spot ETF,rank,-1.0135,1.5,-1.0,1,0.000432,-0.000432,0.0008,-0.001232,-0.008756
2022-02-11,300ETF,Spot ETF,rank,0.6551,1.5,0.0,0,-0.010159,-0.0,0.0008,-0.0008,-0.009556
2022-02-14,300ETF,Spot ETF,rank,-0.3655,1.5,0.0,0,-0.011178,-0.0,0.0,-0.0,-0.009556
2022-02-15,300ETF,Spot ETF,rank,0.6028,1.5,0.0,0,0.001531,0.0,0.0,0.0,-0.009556
2022-02-16,300ETF,Spot ETF,rank,0.0279,1.5,0.0,0,-0.003467,-0.0,0.0,-0.0,-0.009556
2022-02-17,300ETF,Spot ETF,rank,-0.346,1.5,0.0,0,-0.000433,-0.0,0.0,-0.0,-0.009556
2022-02-18,300ETF,Spot ETF,rank,-0.1987,1.5,0.0,0,0.004543,0.0,0.0,0.0,-0.009556
2022-02-21,300ETF,Spot ETF,rank,-0.8302,1.5,-1.0,1,-0.000433,0.000433,0.0008,-0.000367,-0.009923
2022-02-22,300ETF,Spot ETF,rank,-1.3039,1.5,-1.0,1,0.001316,-0.001316,0.0,-0.001316,-0.011239
2022-02-23,300ETF,Spot ETF,rank,0.6098,1.5,0.0,0,0.006313,0.0,0.0008,-0.0008,-0.012039
2022-02-24,300ETF,Spot ETF,rank,-0.4782,1.5,0.0,0,-0.018244,-0.0,0.0,-0.0,-0.012039
2022-02-25,300ETF,Spot ETF,rank,1.3971,1.5,0.0,0,-0.008516,-0.0,0.0,-0.0,-0.012039
2022-02-28,300ETF,Spot ETF,rank,-0.0878,1.5,0.0,0,0.004836,0.0,0.0,0.0,-0.012039
2022-03-01,300ETF,Spot ETF,rank,0.7227,1.5,0.0,0,0.003259,0.0,0.0,0.0,-0.012039
2022-03-02,300ETF,Spot ETF,rank,-1.167,1.5,-1.0,1,0.002625,-0.002625,0.0008,-0.003425,-0.015464
2022-03-03,300ETF,Spot ETF,rank,-0.3654,1.5,0.0,0,-0.004832,-0.0,0.0008,-0.0008,-0.016264
2022-03-04,300ETF,Spot ETF,rank,-1.2552,1.5,-1.0,1,-0.00534,0.00534,0.0008,0.00454,-0.011724
2022-03-07,300ETF,Spot ETF,rank,-1.4447,1.5,-1.0,1,-0.010534,0.010534,0.0,0.010534,-0.00119
2022-03-08,300ETF,Spot ETF,rank,0.7236,1.5,0.0,0,-0.017889,-0.0,0.0008,-0.0008,-0.00199
2022-03-09,300ETF,Spot ETF,rank,-0.0481,1.5,0.0,0,-0.01391,-0.0,0.0,-0.0,-0.00199
2022-03-10,300ETF,Spot ETF,rank,0.0188,1.5,0.0,0,-0.002098,-0.0,0.0,-0.0,-0.00199
2022-03-11,300ETF,Spot ETF,rank,-1.2962,1.5,-1.0,1,0.014746,-0.014746,0.0008,-0.015546,-0.017536
2022-03-14,300ETF,Spot ETF,rank,-1.0734,1.5,-1.0,1,-0.017963,0.017963,0.0,0.017963,0.000427
2022-03-15,300ETF,Spot ETF,rank,-1.7225,1.5,-1.0,1,-0.012852,0.012852,0.0,0.012852,0.01328
2022-03-16,300ETF,Spot ETF,rank,-0.336,1.5,0.0,0,0.031298,0.0,0.0008,-0.0008,0.01248
2022-03-17,300ETF,Spot ETF,rank,0.9672,1.5,0.0,0,0.007572,0.0,0.0,0.0,0.01248
2022-03-18,300ETF,Spot ETF,rank,-0.2487,1.5,0.0,0,0.011092,0.0,0.0,0.0,0.01248
2022-03-21,300ETF,Spot ETF,rank,-0.7272,1.5,0.0,0,-0.003995,-0.0,0.0,-0.0,0.01248
2022-03-22,300ETF,Spot ETF,rank,0.1793,1.5,0.0,0,-0.002826,-0.0,0.0,-0.0,0.01248
2022-03-23,300ETF,Spot ETF,rank,-0.8977,1.5,-1.0,1,0.00399,-0.00399,0.0008,-0.00479,0.00769
2022-03-24,300ETF,Spot ETF,rank,-1.0689,1.5,-1.0,1,0.00589,-0.00589,0.0,-0.00589,0.0018
2022-03-25,300ETF,Spot ETF,rank,-0.162,1.5,0.0,0,-0.015666,-0.0,0.0008,-0.0008,0.001
2022-03-28,300ETF,Spot ETF,rank,-1.2118,1.5,-1.0,1,0.007278,-0.007278,0.0008,-0.008078,-0.007078
2022-03-29,300ETF,Spot ETF,rank,0.7976,1.5,0.0,0,-0.009406,-0.0,0.0008,-0.0008,-0.007878
2022-03-30,300ETF,Spot ETF,rank,1.2528,1.5,0.0,0,0.01378,0.0,0.0,0.0,-0.007878
2022-03-31,300ETF,Spot ETF,rank,-0.3849,1.5,0.0,0,0.0,0.0,0.0,0.0,-0.007878
2022-04-01,300ETF,Spot ETF,rank,0.2184,1.5,0.0,0,0.01131,0.0,0.0,0.0,-0.007878
2022-04-06,300ETF,Spot ETF,rank,-0.2768,1.5,0.0,0,-0.003531,-0.0,0.0,-0.0,-0.007878
2022-04-07,300ETF,Spot ETF,rank,0.5097,1.5,0.0,0,-0.008507,-0.0,0.0,-0.0,-0.007878
2022-04-08,300ETF,Spot ETF,rank,0.294,1.5,0.0,0,0.003796,0.0,0.0,0.0,-0.007878
2022-04-11,300ETF,Spot ETF,rank,-1.3532,1.5,-1.0,1,-0.012359,0.012359,0.0008,0.011559,0.003681
2022-04-12,300ETF,Spot ETF,rank,0.5003,1.5,0.0,0,0.01353,0.0,0.0008,-0.0008,0.002881
2022-04-13,300ETF,Spot ETF,rank,-0.8008,1.5,-1.0,1,0.001445,-0.001445,0.0008,-0.002245,0.000636
2022-04-14,300ETF,Spot ETF,rank,-0.1432,1.5,0.0,0,0.008378,0.0,0.0008,-0.0008,-0.000164
2022-04-15,300ETF,Spot ETF,rank,-0.4328,1.5,0.0,0,0.002636,0.0,0.0,0.0,-0.000164
2022-04-18,300ETF,Spot ETF,rank,-1.3837,1.5,-1.0,1,0.001448,-0.001448,0.0008,-0.002248,-0.002412
2022-04-19,300ETF,Spot ETF,rank,0.5968,1.5,0.0,0,-0.00653,-0.0,0.0008,-0.0008,-0.003212
2022-04-20,300ETF,Spot ETF,rank,-0.7938,1.5,0.0,0,-0.007112,-0.0,0.0,-0.0,-0.003212
2022-04-21,300ETF,Spot ETF,rank,0.5492,1.5,0.0,0,-0.016378,-0.0,0.0,-0.0,-0.003212
2022-04-22,300ETF,Spot ETF,rank,0.0728,1.5,0.0,0,0.004506,0.0,0.0,0.0,-0.003212
2022-04-25,300ETF,Spot ETF,rank,-1.1868,1.5,-1.0,1,-0.020296,0.020296,0.0008,0.019496,0.016284
2022-04-26,300ETF,Spot ETF,rank,0.2082,1.5,0.0,0,-0.001846,-0.0,0.0008,-0.0008,0.015484
2022-04-27,300ETF,Spot ETF,rank,1.4114,1.5,0.0,0,0.01746,0.0,0.0,0.0,0.015484
2022-04-28,300ETF,Spot ETF,rank,0.073,1.5,0.0,0,0.003851,0.0,0.0,0.0,0.015484
2022-04-29,300ETF,Spot ETF,rank,-0.3564,1.5,0.0,0,0.026081,0.0,0.0,0.0,0.015484
2022-05-05,300ETF,Spot ETF,rank,-0.1047,1.5,0.0,0,0.00075,0.0,0.0,0.0,0.015484
2022-05-06,300ETF,Spot ETF,rank,-1.6999,1.5,-1.0,1,-0.006894,0.006894,0.0008,0.006094,0.021578
2022-05-09,300ETF,Spot ETF,rank,0.1213,1.5,0.0,0,-0.009026,-0.0,0.0008,-0.0008,0.020778
2022-05-10,300ETF,Spot ETF,rank,-0.7327,1.5,0.0,0,0.01728,0.0,0.0,0.0,0.020778
2022-05-11,300ETF,Spot ETF,rank,1.4512,1.5,0.0,0,0.009082,0.0,0.0,0.0,0.020778
2022-05-12,300ETF,Spot ETF,rank,-0.2076,1.5,0.0,0,0.001773,0.0,0.0,0.0,0.020778
2022-05-13,300ETF,Spot ETF,rank,0.2888,1.5,0.0,0,-0.00402,-0.0,0.0,-0.0,0.020778
2022-05-16,300ETF,Spot ETF,rank,-0.3492,1.5,0.0,0,-0.004542,-0.0,0.0,-0.0,0.020778
2022-05-17,300ETF,Spot ETF,rank,0.6657,1.5,0.0,0,0.005775,0.0,0.0,0.0,0.020778
2022-05-18,300ETF,Spot ETF,rank,-0.977,1.5,-1.0,1,0.003508,-0.003508,0.0008,-0.004308,0.01647
2022-05-19,300ETF,Spot ETF,rank,-0.725,1.5,0.0,0,0.010841,0.0,0.0008,-0.0008,0.01567
2022-05-20,300ETF,Spot ETF,rank,1.909,1.5,1.0,1,0.004434,0.004434,0.0008,0.003634,0.019304
2022-05-23,300ETF,Spot ETF,rank,-1.076,1.5,-1.0,1,-0.001235,0.001235,0.0016,-0.000365,0.018939
2022-05-24,300ETF,Spot ETF,rank,-0.8563,1.5,-1.0,1,-0.012987,0.012987,0.0,0.012987,0.031926
2022-05-25,300ETF,Spot ETF,rank,0.7548,1.5,0.0,0,-0.00277,-0.0,0.0008,-0.0008,0.031126
2022-05-26,300ETF,Spot ETF,rank,-0.7887,1.5,0.0,0,0.01262,0.0,0.0,0.0,0.031126
2022-05-27,300ETF,Spot ETF,rank,1.2829,1.5,0.0,0,-0.008964,-0.0,0.0,-0.0,0.031126
2022-05-30,300ETF,Spot ETF,rank,-0.3078,1.5,0.0,0,0.002489,0.0,0.0,0.0,0.031126
2022-05-31,300ETF,Spot ETF,rank,0.5641,1.5,0.0,0,0.015768,0.0,0.0,0.0,0.031126
2022-06-01,300ETF,Spot ETF,rank,-0.5077,1.5,0.0,0,-0.001715,-0.0,0.0,-0.0,0.031126
2022-06-02,300ETF,Spot ETF,rank,-0.3916,1.5,0.0,0,0.004907,0.0,0.0,0.0,0.031126
2022-06-06,300ETF,Spot ETF,rank,-0.3339,1.5,0.0,0,0.017674,0.0,0.0,0.0,0.031126
2022-06-07,300ETF,Spot ETF,rank,1.0798,1.5,0.0,0,0.001674,0.0,0.0,0.0,0.031126
2022-06-08,300ETF,Spot ETF,rank,0.1232,1.5,0.0,0,0.003088,0.0,0.0,0.0,0.031126
2022-06-09,300ETF,Spot ETF,rank,0.0968,1.5,0.0,0,-0.007864,-0.0,0.0,-0.0,0.031126
2022-06-10,300ETF,Spot ETF,rank,-0.4264,1.5,0.0,0,0.018537,0.0,0.0,0.0,0.031126
2022-06-13,300ETF,Spot ETF,rank,-0.5693,1.5,0.0,0,-0.006901,-0.0,0.0,-0.0,0.031126
2022-06-14,300ETF,Spot ETF,rank,-0.4062,1.5,0.0,0,0.013175,0.0,0.0,0.0,0.031126
2022-06-15,300ETF,Spot ETF,rank,1.5389,1.5,1.0,1,0.017489,0.017489,0.0008,0.016689,0.047816
2022-06-16,300ETF,Spot ETF,rank,0.6402,1.5,0.0,0,-0.007944,-0.0,0.0008,-0.0008,0.047016
2022-06-17,300ETF,Spot ETF,rank,0.8735,1.5,0.0,0,0.008823,0.0,0.0,0.0,0.047016
2022-06-20,300ETF,Spot ETF,rank,0.4326,1.5,0.0,0,0.004848,0.0,0.0,0.0,0.047016
2022-06-21,300ETF,Spot ETF,rank,0.1489,1.5,0.0,0,-0.005981,-0.0,0.0,-0.0,0.047016
2022-06-22,300ETF,Spot ETF,rank,-0.9426,1.5,-1.0,1,-0.010653,0.010653,0.0008,0.009853,0.056869
2022-06-23,300ETF,Spot ETF,rank,0.7207,1.5,0.0,0,0.013395,0.0,0.0008,-0.0008,0.056069
2022-06-24,300ETF,Spot ETF,rank,-0.5244,1.5,0.0,0,0.007516,0.0,0.0,0.0,0.056069
2022-06-27,300ETF,Spot ETF,rank,1.2952,1.5,0.0,0,0.004701,0.0,0.0,0.0,0.056069
2022-06-28,300ETF,Spot ETF,rank,-1.0836,1.5,-1.0,1,0.014292,-0.014292,0.0008,-0.015092,0.040976
2022-06-29,300ETF,Spot ETF,rank,0.4065,1.5,0.0,0,-0.010259,-0.0,0.0008,-0.0008,0.040176
2022-06-30,300ETF,Spot ETF,rank,1.2915,1.5,0.0,0,0.006674,0.0,0.0,0.0,0.040176
2022-07-01,300ETF,Spot ETF,rank,0.1191,1.5,0.0,0,0.0,0.0,0.0,0.0,0.040176
2022-07-04,300ETF,Spot ETF,rank,-0.6436,1.5,0.0,0,0.003554,0.0,0.0,0.0,0.040176
2022-07-05,300ETF,Spot ETF,rank,0.8442,1.5,0.0,0,-0.005319,-0.0,0.0,-0.0,0.040176
2022-07-06,300ETF,Spot ETF,rank,-0.4169,1.5,0.0,0,-0.014115,-0.0,0.0,-0.0,0.040176
2022-07-07,300ETF,Spot ETF,rank,-0.8448,1.5,-1.0,1,0.006506,-0.006506,0.0008,-0.007306,0.03287
2022-07-08,300ETF,Spot ETF,rank,0.0654,1.5,0.0,0,-0.002905,-0.0,0.0008,-0.0008,0.03207
2022-07-11,300ETF,Spot ETF,rank,-1.2644,1.5,-1.0,1,-0.001593,0.001593,0.0008,0.000793,0.032863
2022-07-12,300ETF,Spot ETF,rank,0.4021,1.5,0.0,0,-0.008926,-0.0,0.0008,-0.0008,0.032063
2022-07-13,300ETF,Spot ETF,rank,-0.247,1.5,0.0,0,-0.00023,-0.0,0.0,-0.0,0.032063
2022-07-14,300ETF,Spot ETF,rank,-0.8296,1.5,-1.0,1,-0.001837,0.001837,0.0008,0.001037,0.0331
2022-07-15,300ETF,Spot ETF,rank,0.199,1.5,0.0,0,-0.012163,-0.0,0.0008,-0.0008,0.0323
2022-07-18,300ETF,Spot ETF,rank,-0.5479,1.5,0.0,0,0.007878,0.0,0.0,0.0,0.0323
2022-07-19,300ETF,Spot ETF,rank,-0.9788,1.5,-1.0,1,0.001852,-0.001852,0.0008,-0.002652,0.029648
2022-07-20,300ETF,Spot ETF,rank,-0.0718,1.5,0.0,0,-0.003687,-0.0,0.0008,-0.0008,0.028848
2022-07-21,300ETF,Spot ETF,rank,-0.697,1.5,0.0,0,-0.005807,-0.0,0.0,-0.0,0.028848
2022-07-22,300ETF,Spot ETF,rank,0.3775,1.5,0.0,0,-0.003716,-0.0,0.0,-0.0,0.028848
2022-07-25,300ETF,Spot ETF,rank,-0.7664,1.5,0.0,0,0.00164,0.0,0.0,0.0,0.028848
2022-07-26,300ETF,Spot ETF,rank,0.7038,1.5,0.0,0,0.00373,0.0,0.0,0.0,0.028848
2022-07-27,300ETF,Spot ETF,rank,-0.8971,1.5,-1.0,1,-0.002805,0.002805,0.0008,0.002005,0.030853
2022-07-28,300ETF,Spot ETF,rank,0.0434,1.5,0.0,0,-0.0007,-0.0,0.0008,-0.0008,0.030053
2022-07-29,300ETF,Spot ETF,rank,0.0722,1.5,0.0,0,-0.019245,-0.0,0.0,-0.0,0.030053
2022-08-01,300ETF,Spot ETF,rank,-0.7437,1.5,0.0,0,0.002129,0.0,0.0,0.0,0.030053
2022-08-02,300ETF,Spot ETF,rank,-1.6109,1.5,-1.0,1,-0.00502,0.00502,0.0008,0.00422,0.034272
2022-08-03,300ETF,Spot ETF,rank,1.2247,1.5,0.0,0,-0.008908,-0.0,0.0008,-0.0008,0.033472
2022-08-04,300ETF,Spot ETF,rank,-0.0238,1.5,0.0,0,0.000241,0.0,0.0,0.0,0.033472
2022-08-05,300ETF,Spot ETF,rank,0.2816,1.5,0.0,0,0.010734,0.0,0.0,0.0,0.033472
2022-08-08,300ETF,Spot ETF,rank,-0.2408,1.5,0.0,0,-0.001188,-0.0,0.0,-0.0,0.033472
2022-08-09,300ETF,Spot ETF,rank,-0.4142,1.5,0.0,0,0.002142,0.0,0.0,0.0,0.033472
2022-08-10,300ETF,Spot ETF,rank,-0.0613,1.5,0.0,0,-0.011235,-0.0,0.0,-0.0,0.033472
2022-08-11,300ETF,Spot ETF,rank,-0.3872,1.5,0.0,0,0.016114,0.0,0.0,0.0,0.033472
2022-08-12,300ETF,Spot ETF,rank,-0.6463,1.5,0.0,0,0.003764,0.0,0.0,0.0,0.033472
2022-08-15,300ETF,Spot ETF,rank,0.8477,1.5,0.0,0,-0.008205,-0.0,0.0,-0.0,0.033472
2022-08-16,300ETF,Spot ETF,rank,0.1012,1.5,0.0,0,-0.004007,-0.0,0.0,-0.0,0.033472
2022-08-17,300ETF,Spot ETF,rank,-0.6812,1.5,0.0,0,0.014365,0.0,0.0,0.0,0.033472
2022-08-18,300ETF,Spot ETF,rank,-0.3547,1.5,0.0,0,-0.006116,-0.0,0.0,-0.0,0.033472
2022-08-19,300ETF,Spot ETF,rank,0.0585,1.5,0.0,0,-0.00473,-0.0,0.0,-0.0,0.033472
2022-08-22,300ETF,Spot ETF,rank,0.6469,1.5,0.0,0,0.000236,0.0,0.0,0.0,0.033472
2022-08-23,300ETF,Spot ETF,rank,0.0508,1.5,0.0,0,-0.00237,-0.0,0.0,-0.0,0.033472
2022-08-24,300ETF,Spot ETF,rank,-0.4877,1.5,0.0,0,-0.013902,-0.0,0.0,-0.0,0.033472
2022-08-25,300ETF,Spot ETF,rank,0.0785,1.5,0.0,0,0.002645,0.0,0.0,0.0,0.033472
2022-08-26,300ETF,Spot ETF,rank,-0.5696,1.5,0.0,0,-0.004065,-0.0,0.0,-0.0,0.033472
2022-08-29,300ETF,Spot ETF,rank,-0.4607,1.5,0.0,0,-0.001206,-0.0,0.0,-0.0,0.033472
2022-08-30,300ETF,Spot ETF,rank,-0.3715,1.5,0.0,0,0.000725,0.0,0.0,0.0,0.033472
2022-08-31,300ETF,Spot ETF,rank,0.4175,1.5,0.0,0,-0.002414,-0.0,0.0,-0.0,0.033472
2022-09-01,300ETF,Spot ETF,rank,0.0928,1.5,0.0,0,-0.00726,-0.0,0.0,-0.0,0.033472
2022-09-02,300ETF,Spot ETF,rank,-0.6645,1.5,0.0,0,-0.005375,-0.0,0.0,-0.0,0.033472
2022-09-05,300ETF,Spot ETF,rank,-0.7068,1.5,0.0,0,-0.000491,-0.0,0.0,-0.0,0.033472
2022-09-06,300ETF,Spot ETF,rank,-0.129,1.5,0.0,0,0.006349,0.0,0.0,0.0,0.033472
2022-09-07,300ETF,Spot ETF,rank,-0.0751,1.5,0.0,0,0.001216,0.0,0.0,0.0,0.033472
2022-09-08,300ETF,Spot ETF,rank,-0.1678,1.5,0.0,0,-0.004377,-0.0,0.0,-0.0,0.033472
2022-09-09,300ETF,Spot ETF,rank,0.2327,1.5,0.0,0,0.007957,0.0,0.0,0.0,0.033472
2022-09-13,300ETF,Spot ETF,rank,-0.5237,1.5,0.0,0,0.001917,0.0,0.0,0.0,0.033472
2022-09-14,300ETF,Spot ETF,rank,-0.7167,1.5,0.0,0,-0.003143,-0.0,0.0,-0.0,0.033472
2022-09-15,300ETF,Spot ETF,rank,0.3844,1.5,0.0,0,-0.015331,-0.0,0.0,-0.0,0.033472
2022-09-16,300ETF,Spot ETF,rank,-0.8195,1.5,-1.0,1,-0.009427,0.009427,0.0008,0.008627,0.042099
2022-09-19,300ETF,Spot ETF,rank,-0.1301,1.5,0.0,0,-0.004004,-0.0,0.0008,-0.0008,0.041299
2022-09-20,300ETF,Spot ETF,rank,0.0938,1.5,0.0,0,-0.004503,-0.0,0.0,-0.0,0.041299
2022-09-21,300ETF,Spot ETF,rank,-1.0673,1.5,-1.0,1,0.005301,-0.005301,0.0008,-0.006101,0.035198
2022-09-22,300ETF,Spot ETF,rank,-0.8201,1.5,-1.0,1,-0.005831,0.005831,0.0,0.005831,0.041029
2022-09-23,300ETF,Spot ETF,rank,0.757,1.5,0.0,0,-0.00432,-0.0,0.0008,-0.0008,0.040229
2022-09-26,300ETF,Spot ETF,rank,0.7962,1.5,0.0,0,-0.006641,-0.0,0.0,-0.0,0.040229
2022-09-27,300ETF,Spot ETF,rank,0.0771,1.5,0.0,0,0.011443,0.0,0.0,0.0,0.040229
2022-09-28,300ETF,Spot ETF,rank,-1.0232,1.5,-1.0,1,-0.00537,0.00537,0.0008,0.00457,0.044799
2022-09-29,300ETF,Spot ETF,rank,-0.1746,1.5,0.0,0,-0.011253,-0.0,0.0008,-0.0008,0.043999
2022-09-30,300ETF,Spot ETF,rank,0.3807,1.5,0.0,0,-0.003347,-0.0,0.0,-0.0,0.043999
2022-10-10,300ETF,Spot ETF,rank,-0.9321,1.5,-1.0,1,-0.017806,0.017806,0.0008,0.017006,0.061006
2022-10-11,300ETF,Spot ETF,rank,-0.6393,1.5,0.0,0,0.0,0.0,0.0008,-0.0008,0.060206
2022-10-12,300ETF,Spot ETF,rank,-0.8199,1.5,-1.0,1,0.01951,-0.01951,0.0008,-0.02031,0.039895
2022-10-13,300ETF,Spot ETF,rank,-0.3257,1.5,0.0,0,-0.000786,-0.0,0.0008,-0.0008,0.039095
2022-10-14,300ETF,Spot ETF,rank,1.1794,1.5,0.0,0,0.007454,0.0,0.0,0.0,0.039095
2022-10-17,300ETF,Spot ETF,rank,-0.3867,1.5,0.0,0,0.008233,0.0,0.0,0.0,0.039095
2022-10-18,300ETF,Spot ETF,rank,-0.4453,1.5,0.0,0,-0.003329,-0.0,0.0,-0.0,0.039095
2022-10-19,300ETF,Spot ETF,rank,-0.0678,1.5,0.0,0,-0.011141,-0.0,0.0,-0.0,0.039095
2022-10-20,300ETF,Spot ETF,rank,-0.7971,1.5,0.0,0,0.003938,0.0,0.0,0.0,0.039095
2022-10-21,300ETF,Spot ETF,rank,0.187,1.5,0.0,0,-0.003152,-0.0,0.0,-0.0,0.039095
2022-10-24,300ETF,Spot ETF,rank,0.1977,1.5,0.0,0,-0.018202,-0.0,0.0,-0.0,0.039095
2022-10-25,300ETF,Spot ETF,rank,0.1267,1.5,0.0,0,-0.001083,-0.0,0.0,-0.0,0.039095
2022-10-26,300ETF,Spot ETF,rank,0.8413,1.5,0.0,0,-0.002157,-0.0,0.0,-0.0,0.039095
2022-10-27,300ETF,Spot ETF,rank,-0.033,1.5,0.0,0,-0.012903,-0.0,0.0,-0.0,0.039095
2022-10-28,300ETF,Spot ETF,rank,-0.9229,1.5,-1.0,1,-0.020086,0.020086,0.0008,0.019286,0.058381
2022-10-31,300ETF,Spot ETF,rank,-0.3983,1.5,0.0,0,-0.008668,-0.0,0.0008,-0.0008,0.057581
2022-11-01,300ETF,Spot ETF,rank,1.007,1.5,0.0,0,0.020597,0.0,0.0,0.0,0.057581
2022-11-02,300ETF,Spot ETF,rank,0.3386,1.5,0.0,0,0.008884,0.0,0.0,0.0,0.057581
2022-11-03,300ETF,Spot ETF,rank,-0.3371,1.5,0.0,0,0.000809,0.0,0.0,0.0,0.057581
2022-11-04,300ETF,Spot ETF,rank,1.9507,1.5,1.0,1,0.016038,0.016038,0.0008,0.015238,0.07282
2022-11-07,300ETF,Spot ETF,rank,0.6733,1.5,0.0,0,0.003395,0.0,0.0008,-0.0008,0.07202
2022-11-08,300ETF,Spot ETF,rank,-0.4736,1.5,0.0,0,-0.006824,-0.0,0.0,-0.0,0.07202
2022-11-09,300ETF,Spot ETF,rank,-0.1257,1.5,0.0,0,-0.005812,-0.0,0.0,-0.0,0.07202
2022-11-10,300ETF,Spot ETF,rank,-1.3162,1.5,-1.0,1,0.001336,-0.001336,0.0008,-0.002136,0.069884
2022-11-11,300ETF,Spot ETF,rank,0.1744,1.5,0.0,0,0.009901,0.0,0.0008,-0.0008,0.069084
2022-11-14,300ETF,Spot ETF,rank,1.4859,1.5,0.0,0,-0.011871,-0.0,0.0,-0.0,0.069084
2022-11-15,300ETF,Spot ETF,rank,-0.5644,1.5,0.0,0,0.016185,0.0,0.0,0.0,0.069084
2022-11-16,300ETF,Spot ETF,rank,-0.7378,1.5,0.0,0,-0.003841,-0.0,0.0,-0.0,0.069084
2022-11-17,300ETF,Spot ETF,rank,-1.0232,1.5,-1.0,1,0.000259,-0.000259,0.0008,-0.001059,0.068025
2022-11-18,300ETF,Spot ETF,rank,-0.4999,1.5,0.0,0,-0.002581,-0.0,0.0008,-0.0008,0.067225
2022-11-21,300ETF,Spot ETF,rank,-1.3848,1.5,-1.0,1,0.006038,-0.006038,0.0008,-0.006838,0.060387
2022-11-22,300ETF,Spot ETF,rank,0.0006,1.5,0.0,0,-0.000524,-0.0,0.0008,-0.0008,0.059587
2022-11-23,300ETF,Spot ETF,rank,0.3457,1.5,0.0,0,0.0,0.0,0.0,0.0,0.059587
2022-11-24,300ETF,Spot ETF,rank,0.3433,1.5,0.0,0,-0.006008,-0.0,0.0,-0.0,0.059587
2022-11-25,300ETF,Spot ETF,rank,-0.5006,1.5,0.0,0,0.005222,0.0,0.0,0.0,0.059587
2022-11-28,300ETF,Spot ETF,rank,-1.8889,1.5,-1.0,1,0.01061,-0.01061,0.0008,-0.01141,0.048177
2022-11-29,300ETF,Spot ETF,rank,0.9437,1.5,0.0,0,0.018344,0.0,0.0008,-0.0008,0.047377
2022-11-30,300ETF,Spot ETF,rank,0.7251,1.5,0.0,0,-0.000768,-0.0,0.0,-0.0,0.047377
2022-12-01,300ETF,Spot ETF,rank,1.2677,1.5,0.0,0,-0.004028,-0.0,0.0,-0.0,0.047377
2022-12-02,300ETF,Spot ETF,rank,-0.2593,1.5,0.0,0,-0.00456,-0.0,0.0,-0.0,0.047377
2022-12-05,300ETF,Spot ETF,rank,0.2117,1.5,0.0,0,0.008534,0.0,0.0,0.0,0.047377
2022-12-06,300ETF,Spot ETF,rank,0.2141,1.5,0.0,0,0.002987,0.0,0.0,0.0,0.047377
2022-12-07,300ETF,Spot ETF,rank,-0.2512,1.5,0.0,0,-0.002239,-0.0,0.0,-0.0,0.047377
2022-12-08,300ETF,Spot ETF,rank,-0.4397,1.5,0.0,0,0.000248,0.0,0.0,0.0,0.047377
2022-12-09,300ETF,Spot ETF,rank,0.1187,1.5,0.0,0,0.011878,0.0,0.0,0.0,0.047377
2022-12-12,300ETF,Spot ETF,rank,-0.803,1.5,-1.0,1,-0.005215,0.005215,0.0008,0.004415,0.051793
2022-12-13,300ETF,Spot ETF,rank,-0.3994,1.5,0.0,0,-0.000748,-0.0,0.0008,-0.0008,0.050993
2022-12-14,300ETF,Spot ETF,rank,-0.291,1.5,0.0,0,-0.001247,-0.0,0.0,-0.0,0.050993
2022-12-15,300ETF,Spot ETF,rank,-0.0264,1.5,0.0,0,0.005247,0.0,0.0,0.0,0.050993
2022-12-16,300ETF,Spot ETF,rank,-0.2285,1.5,0.0,0,0.003001,0.0,0.0,0.0,0.050993
2022-12-19,300ETF,Spot ETF,rank,0.2387,1.5,0.0,0,-0.013842,-0.0,0.0,-0.0,0.050993
2022-12-20,300ETF,Spot ETF,rank,-0.9184,1.5,-1.0,1,-0.010725,0.010725,0.0008,0.009925,0.060918
2022-12-21,300ETF,Spot ETF,rank,0.0186,1.5,0.0,0,-0.003081,-0.0,0.0008,-0.0008,0.060118
2022-12-22,300ETF,Spot ETF,rank,-0.2863,1.5,0.0,0,-0.010238,-0.0,0.0,-0.0,0.060118
2022-12-23,300ETF,Spot ETF,rank,-0.0709,1.5,0.0,0,-0.005907,-0.0,0.0,-0.0,0.060118
2022-12-26,300ETF,Spot ETF,rank,0.3058,1.5,0.0,0,-0.001538,-0.0,0.0,-0.0,0.060118
2022-12-27,300ETF,Spot ETF,rank,0.1891,1.5,0.0,0,0.004313,0.0,0.0,0.0,0.060118
2022-12-28,300ETF,Spot ETF,rank,-0.8127,1.5,-1.0,1,0.004073,-0.004073,0.0008,-0.004873,0.055245
2022-12-29,300ETF,Spot ETF,rank,-1.0118,1.5,-1.0,1,0.008174,-0.008174,0.0,-0.008174,0.047071
2022-12-30,300ETF,Spot ETF,rank,0.707,1.5,0.0,0,-0.001014,-0.0,0.0008,-0.0008,0.046271
2023-01-03,300ETF,Spot ETF,rank,-1.0905,1.5,-1.0,1,0.015271,-0.015271,0.0008,-0.016071,0.030199
2023-01-04,300ETF,Spot ETF,rank,-0.708,1.5,0.0,0,0.001266,0.0,0.0008,-0.0008,0.029399
2023-01-05,300ETF,Spot ETF,rank,1.4787,1.5,0.0,0,0.006466,0.0,0.0,0.0,0.029399
2023-01-06,300ETF,Spot ETF,rank,-0.2326,1.5,0.0,0,0.003217,0.0,0.0,0.0,0.029399
2023-01-09,300ETF,Spot ETF,rank,0.0915,1.5,0.0,0,0.003685,0.0,0.0,0.0,0.029399
2023-01-10,300ETF,Spot ETF,rank,-0.6026,1.5,0.0,0,0.000491,0.0,0.0,0.0,0.029399
2023-01-11,300ETF,Spot ETF,rank,0.256,1.5,0.0,0,-0.00245,-0.0,0.0,-0.0,0.029399
2023-01-12,300ETF,Spot ETF,rank,-0.1764,1.5,0.0,0,-0.00318,-0.0,0.0,-0.0,0.029399
2023-01-13,300ETF,Spot ETF,rank,-0.0,1.5,0.0,0,0.006072,0.0,0.0,0.0,0.029399
2023-01-16,300ETF,Spot ETF,rank,1.1767,1.5,0.0,0,0.008713,0.0,0.0,0.0,0.029399
2023-01-17,300ETF,Spot ETF,rank,-0.137,1.5,0.0,0,0.000967,0.0,0.0,0.0,0.029399
2023-01-18,300ETF,Spot ETF,rank,0.087,1.5,0.0,0,-0.000242,-0.0,0.0,-0.0,0.029399
2023-01-19,300ETF,Spot ETF,rank,-0.4526,1.5,0.0,0,0.010651,0.0,0.0,0.0,0.029399
2023-01-20,300ETF,Spot ETF,rank,0.2622,1.5,0.0,0,0.000717,0.0,0.0,0.0,0.029399
2023-01-30,300ETF,Spot ETF,rank,-0.3515,1.5,0.0,0,-0.009936,-0.0,0.0,-0.0,0.029399
2023-01-31,300ETF,Spot ETF,rank,-0.02,1.5,0.0,0,-0.011,-0.0,0.0,-0.0,0.029399
2023-02-01,300ETF,Spot ETF,rank,0.576,1.5,0.0,0,0.002872,0.0,0.0,0.0,0.029399
2023-02-02,300ETF,Spot ETF,rank,-1.0258,1.5,-1.0,1,-0.001913,0.001913,0.0008,0.001113,0.030513
2023-02-03,300ETF,Spot ETF,rank,-1.0775,1.5,-1.0,1,0.003388,-0.003388,0.0,-0.003388,0.027125
2023-02-06,300ETF,Spot ETF,rank,-1.4282,1.5,-1.0,1,-0.00661,0.00661,0.0,0.00661,0.033735
2023-02-07,300ETF,Spot ETF,rank,-0.1792,1.5,0.0,0,-0.000978,-0.0,0.0008,-0.0008,0.032935
2023-02-08,300ETF,Spot ETF,rank,0.2647,1.5,0.0,0,-0.005145,-0.0,0.0,-0.0,0.032935
2023-02-09,300ETF,Spot ETF,rank,0.8571,1.5,0.0,0,0.00632,0.0,0.0,0.0,0.032935
2023-02-10,300ETF,Spot ETF,rank,-0.8146,1.5,-1.0,1,-0.003649,0.003649,0.0008,0.002849,0.035784
2023-02-13,300ETF,Spot ETF,rank,0.6083,1.5,0.0,0,0.003877,0.0,0.0008,-0.0008,0.034984
2023-02-14,300ETF,Spot ETF,rank,-0.8361,1.5,-1.0,1,-0.000725,0.000725,0.0008,-7.5e-05,0.03491
2023-02-15,300ETF,Spot ETF,rank,-0.3216,1.5,0.0,0,-0.002669,-0.0,0.0008,-0.0008,0.03411
2023-02-16,300ETF,Spot ETF,rank,-0.2128,1.5,0.0,0,-0.011898,-0.0,0.0,-0.0,0.03411
2023-02-17,300ETF,Spot ETF,rank,0.28,1.5,0.0,0,-0.013261,-0.0,0.0,-0.0,0.03411
2023-02-20,300ETF,Spot ETF,rank,0.5976,1.5,0.0,0,0.020539,0.0,0.0,0.0,0.03411
2023-02-21,300ETF,Spot ETF,rank,-0.2201,1.5,0.0,0,-0.001935,-0.0,0.0,-0.0,0.03411
2023-02-22,300ETF,Spot ETF,rank,-0.6436,1.5,0.0,0,-0.001706,-0.0,0.0,-0.0,0.03411
2023-02-23,300ETF,Spot ETF,rank,0.763,1.5,0.0,0,-0.004634,-0.0,0.0,-0.0,0.03411
2023-02-24,300ETF,Spot ETF,rank,-0.8877,1.5,-1.0,1,-0.00393,0.00393,0.0008,0.00313,0.03724
2023-02-27,300ETF,Spot ETF,rank,-0.3693,1.5,0.0,0,-0.001979,-0.0,0.0008,-0.0008,0.03644
2023-02-28,300ETF,Spot ETF,rank,0.3316,1.5,0.0,0,0.000493,0.0,0.0,0.0,0.03644
2023-03-01,300ETF,Spot ETF,rank,0.4612,1.5,0.0,0,0.006332,0.0,0.0,0.0,0.03644
2023-03-02,300ETF,Spot ETF,rank,-0.288,1.5,0.0,0,-0.001457,-0.0,0.0,-0.0,0.03644
2023-03-03,300ETF,Spot ETF,rank,0.0058,1.5,0.0,0,0.001211,0.0,0.0,0.0,0.03644
2023-03-06,300ETF,Spot ETF,rank,-0.9222,1.5,-1.0,1,-0.00122,0.00122,0.0008,0.00042,0.03686
2023-03-07,300ETF,Spot ETF,rank,0.1516,1.5,0.0,0,-0.0108,-0.0,0.0008,-0.0008,0.03606
2023-03-08,300ETF,Spot ETF,rank,-0.6531,1.5,0.0,0,-0.000497,-0.0,0.0,-0.0,0.03606
2023-03-09,300ETF,Spot ETF,rank,-0.6525,1.5,0.0,0,-0.00298,-0.0,0.0,-0.0,0.03606
2023-03-10,300ETF,Spot ETF,rank,-0.4857,1.5,0.0,0,-0.003516,-0.0,0.0,-0.0,0.03606
2023-03-13,300ETF,Spot ETF,rank,1.2447,1.5,0.0,0,0.005015,0.0,0.0,0.0,0.03606
2023-03-14,300ETF,Spot ETF,rank,-0.9034,1.5,-1.0,1,0.001758,-0.001758,0.0008,-0.002558,0.033502
2023-03-15,300ETF,Spot ETF,rank,-0.0105,1.5,0.0,0,-0.007255,-0.0,0.0008,-0.0008,0.032702
2023-03-16,300ETF,Spot ETF,rank,-0.7238,1.5,0.0,0,-0.003287,-0.0,0.0,-0.0,0.032702
2023-03-17,300ETF,Spot ETF,rank,-0.1422,1.5,0.0,0,-0.005059,-0.0,0.0,-0.0,0.032702
2023-03-20,300ETF,Spot ETF,rank,0.433,1.5,0.0,0,-0.007851,-0.0,0.0,-0.0,0.032702
2023-03-21,300ETF,Spot ETF,rank,0.4823,1.5,0.0,0,0.003531,0.0,0.0,0.0,0.032702
2023-03-22,300ETF,Spot ETF,rank,0.749,1.5,0.0,0,-0.004,-0.0,0.0,-0.0,0.032702
2023-03-23,300ETF,Spot ETF,rank,0.2913,1.5,0.0,0,0.006981,0.0,0.0,0.0,0.032702
2023-03-24,300ETF,Spot ETF,rank,-0.9801,1.5,-1.0,1,0.000249,-0.000249,0.0008,-0.001049,0.031653
2023-03-27,300ETF,Spot ETF,rank,-0.9563,1.5,-1.0,1,0.000749,-0.000749,0.0,-0.000749,0.030904
2023-03-28,300ETF,Spot ETF,rank,0.0163,1.5,0.0,0,-0.001251,-0.0,0.0008,-0.0008,0.030104
2023-03-29,300ETF,Spot ETF,rank,-0.4265,1.5,0.0,0,-0.00025,-0.0,0.0,-0.0,0.030104
2023-03-30,300ETF,Spot ETF,rank,0.3949,1.5,0.0,0,0.007227,0.0,0.0,0.0,0.030104
2023-03-31,300ETF,Spot ETF,rank,0.4145,1.5,0.0,0,-0.003209,-0.0,0.0,-0.0,0.030104
2023-04-03,300ETF,Spot ETF,rank,0.5705,1.5,0.0,0,0.003924,0.0,0.0,0.0,0.030104
2023-04-04,300ETF,Spot ETF,rank,-0.499,1.5,0.0,0,0.004651,0.0,0.0,0.0,0.030104
2023-04-06,300ETF,Spot ETF,rank,-0.5292,1.5,0.0,0,0.000734,0.0,0.0,0.0,0.030104
2023-04-07,300ETF,Spot ETF,rank,0.4788,1.5,0.0,0,0.001701,0.0,0.0,0.0,0.030104
2023-04-10,300ETF,Spot ETF,rank,-0.8934,1.5,-1.0,1,-0.003163,0.003163,0.0008,0.002363,0.032467
2023-04-11,300ETF,Spot ETF,rank,-0.4082,1.5,0.0,0,-0.006101,-0.0,0.0008,-0.0008,0.031667
2023-04-12,300ETF,Spot ETF,rank,-0.4679,1.5,0.0,0,-0.000978,-0.0,0.0,-0.0,0.031667
2023-04-13,300ETF,Spot ETF,rank,-1.0858,1.5,-1.0,1,-0.001721,0.001721,0.0008,0.000921,0.032587
2023-04-14,300ETF,Spot ETF,rank,0.4308,1.5,0.0,0,-0.001715,-0.0,0.0008,-0.0008,0.031787
2023-04-17,300ETF,Spot ETF,rank,0.7954,1.5,0.0,0,0.006066,0.0,0.0,0.0,0.031787
2023-04-18,300ETF,Spot ETF,rank,0.7022,1.5,0.0,0,0.00241,0.0,0.0,0.0,0.031787
2023-04-19,300ETF,Spot ETF,rank,-0.9223,1.5,-1.0,1,-0.005085,0.005085,0.0008,0.004285,0.036073
2023-04-20,300ETF,Spot ETF,rank,-0.5881,1.5,0.0,0,-0.002435,-0.0,0.0008,-0.0008,0.035273
2023-04-21,300ETF,Spot ETF,rank,-0.8922,1.5,-1.0,1,-0.014502,0.014502,0.0008,0.013702,0.048975
2023-04-24,300ETF,Spot ETF,rank,-0.7176,1.5,0.0,0,-0.009788,-0.0,0.0008,-0.0008,0.048175
2023-04-25,300ETF,Spot ETF,rank,-0.0761,1.5,0.0,0,-0.001516,-0.0,0.0,-0.0,0.048175
2023-04-26,300ETF,Spot ETF,rank,-0.7739,1.5,0.0,0,-0.000253,-0.0,0.0,-0.0,0.048175
2023-04-27,300ETF,Spot ETF,rank,0.1368,1.5,0.0,0,0.006552,0.0,0.0,0.0,0.048175
2023-04-28,300ETF,Spot ETF,rank,0.9947,1.5,0.0,0,0.000747,0.0,0.0,0.0,0.048175
2023-05-04,300ETF,Spot ETF,rank,-0.9506,1.5,-1.0,1,0.002242,-0.002242,0.0008,-0.003042,0.045133
2023-05-05,300ETF,Spot ETF,rank,0.4443,1.5,0.0,0,-0.002241,-0.0,0.0008,-0.0008,0.044333
2023-05-08,300ETF,Spot ETF,rank,-0.1916,1.5,0.0,0,0.009918,0.0,0.0,0.0,0.044333
2023-05-09,300ETF,Spot ETF,rank,-0.6651,1.5,0.0,0,-0.004203,-0.0,0.0,-0.0,0.044333
2023-05-10,300ETF,Spot ETF,rank,-0.8776,1.5,-1.0,1,-0.004754,0.004754,0.0008,0.003954,0.048287
2023-05-11,300ETF,Spot ETF,rank,-0.0812,1.5,0.0,0,-0.004256,-0.0,0.0008,-0.0008,0.047487
2023-05-12,300ETF,Spot ETF,rank,0.0233,1.5,0.0,0,-0.012604,-0.0,0.0,-0.0,0.047487
2023-05-15,300ETF,Spot ETF,rank,-0.4539,1.5,0.0,0,0.012601,0.0,0.0,0.0,0.047487
2023-05-16,300ETF,Spot ETF,rank,-0.8849,1.5,-1.0,1,-0.004273,0.004273,0.0008,0.003473,0.05096
2023-05-17,300ETF,Spot ETF,rank,-0.9442,1.5,-1.0,1,-0.004044,0.004044,0.0,0.004044,0.055005
2023-05-18,300ETF,Spot ETF,rank,0.3065,1.5,0.0,0,-0.003286,-0.0,0.0008,-0.0008,0.054205
2023-05-19,300ETF,Spot ETF,rank,-0.9519,1.5,-1.0,1,0.004061,-0.004061,0.0008,-0.004861,0.049344
2023-05-22,300ETF,Spot ETF,rank,0.4753,1.5,0.0,0,0.002775,0.0,0.0008,-0.0008,0.048544
2023-05-23,300ETF,Spot ETF,rank,-0.6675,1.5,0.0,0,-0.007108,-0.0,0.0,-0.0,0.048544
2023-05-24,300ETF,Spot ETF,rank,-1.1444,1.5,-1.0,1,-0.0031,0.0031,0.0008,0.0023,0.050844
2023-05-25,300ETF,Spot ETF,rank,-0.182,1.5,0.0,0,-0.003123,-0.0,0.0008,-0.0008,0.050044
2023-05-26,300ETF,Spot ETF,rank,-1.0466,1.5,-1.0,1,0.006501,-0.006501,0.0008,-0.007301,0.042742
2023-05-29,300ETF,Spot ETF,rank,-0.5276,1.5,0.0,0,-0.004685,-0.0,0.0008,-0.0008,0.041942
2023-05-30,300ETF,Spot ETF,rank,-0.16,1.5,0.0,0,-0.001302,-0.0,0.0,-0.0,0.041942
2023-05-31,300ETF,Spot ETF,rank,-0.9908,1.5,-1.0,1,-0.004204,0.004204,0.0008,0.003404,0.045346
2023-06-01,300ETF,Spot ETF,rank,1.0816,1.5,0.0,0,-0.005762,-0.0,0.0008,-0.0008,0.044546
2023-06-02,300ETF,Spot ETF,rank,0.7039,1.5,0.0,0,0.008041,0.0,0.0,0.0,0.044546
2023-06-05,300ETF,Spot ETF,rank,-1.049,1.5,-1.0,1,-0.002077,0.002077,0.0008,0.001277,0.045823
2023-06-06,300ETF,Spot ETF,rank,-0.7068,1.5,0.0,0,-0.004443,-0.0,0.0008,-0.0008,0.045023
2023-06-07,300ETF,Spot ETF,rank,-0.0433,1.5,0.0,0,-0.008148,-0.0,0.0,-0.0,0.045023
2023-06-08,300ETF,Spot ETF,rank,-0.2257,1.5,0.0,0,0.00814,0.0,0.0,0.0,0.045023
2023-06-09,300ETF,Spot ETF,rank,-0.1178,1.5,0.0,0,0.002866,0.0,0.0,0.0,0.045023
2023-06-12,300ETF,Spot ETF,rank,-0.6942,1.5,0.0,0,0.005717,0.0,0.0,0.0,0.045023
2023-06-13,300ETF,Spot ETF,rank,0.4023,1.5,0.0,0,0.005689,0.0,0.0,0.0,0.045023
2023-06-14,300ETF,Spot ETF,rank,0.3129,1.5,0.0,0,-0.004626,-0.0,0.0,-0.0,0.045023
2023-06-15,300ETF,Spot ETF,rank,0.729,1.5,0.0,0,0.010215,0.0,0.0,0.0,0.045023
2023-06-16,300ETF,Spot ETF,rank,0.45,1.5,0.0,0,0.006797,0.0,0.0,0.0,0.045023
2023-06-19,300ETF,Spot ETF,rank,-1.1295,1.5,-1.0,1,-0.0043,0.0043,0.0008,0.0035,0.048523
2023-06-20,300ETF,Spot ETF,rank,0.2001,1.5,0.0,0,-0.002533,-0.0,0.0008,-0.0008,0.047723
2023-06-21,300ETF,Spot ETF,rank,-0.1602,1.5,0.0,0,-0.007919,-0.0,0.0,-0.0,0.047723
2023-06-26,300ETF,Spot ETF,rank,-1.1292,1.5,-1.0,1,-0.000782,0.000782,0.0008,-1.8e-05,0.047705
2023-06-27,300ETF,Spot ETF,rank,0.4941,1.5,0.0,0,0.004922,0.0,0.0008,-0.0008,0.046905
2023-06-28,300ETF,Spot ETF,rank,-0.6308,1.5,0.0,0,0.003106,0.0,0.0,0.0,0.046905
2023-06-29,300ETF,Spot ETF,rank,-0.6056,1.5,0.0,0,-0.001295,-0.0,0.0,-0.0,0.046905
2023-06-30,300ETF,Spot ETF,rank,0.3694,1.5,0.0,0,0.003872,0.0,0.0,0.0,0.046905
2023-07-03,300ETF,Spot ETF,rank,1.2083,1.5,0.0,0,0.002039,0.0,0.0,0.0,0.046905
2023-07-04,300ETF,Spot ETF,rank,-0.7543,1.5,0.0,0,0.001527,0.0,0.0,0.0,0.046905
2023-07-05,300ETF,Spot ETF,rank,-0.3936,1.5,0.0,0,-0.000767,-0.0,0.0,-0.0,0.046905
2023-07-06,300ETF,Spot ETF,rank,0.1584,1.5,0.0,0,-0.009496,-0.0,0.0,-0.0,0.046905
2023-07-07,300ETF,Spot ETF,rank,-0.5555,1.5,0.0,0,0.000517,0.0,0.0,0.0,0.046905
2023-07-10,300ETF,Spot ETF,rank,0.35,1.5,0.0,0,-0.004114,-0.0,0.0,-0.0,0.046905
2023-07-11,300ETF,Spot ETF,rank,-0.105,1.5,0.0,0,0.004869,0.0,0.0,0.0,0.046905
2023-07-12,300ETF,Spot ETF,rank,-0.5952,1.5,0.0,0,-0.004098,-0.0,0.0,-0.0,0.046905
2023-07-13,300ETF,Spot ETF,rank,1.1134,1.5,0.0,0,0.00355,0.0,0.0,0.0,0.046905
2023-07-14,300ETF,Spot ETF,rank,-0.4553,1.5,0.0,0,-0.000506,-0.0,0.0,-0.0,0.046905
2023-07-17,300ETF,Spot ETF,rank,-1.3451,1.5,-1.0,1,0.0,-0.0,0.0008,-0.0008,0.046105
2023-07-18,300ETF,Spot ETF,rank,-0.8748,1.5,-1.0,1,-0.000511,0.000511,0.0,0.000511,0.046615
2023-07-19,300ETF,Spot ETF,rank,0.1093,1.5,0.0,0,-0.001022,-0.0,0.0008,-0.0008,0.045815
2023-07-20,300ETF,Spot ETF,rank,0.6173,1.5,0.0,0,-0.007677,-0.0,0.0,-0.0,0.045815
2023-07-21,300ETF,Spot ETF,rank,-0.1146,1.5,0.0,0,-0.002057,-0.0,0.0,-0.0,0.045815
2023-07-24,300ETF,Spot ETF,rank,-0.5326,1.5,0.0,0,-0.002839,-0.0,0.0,-0.0,0.045815
2023-07-25,300ETF,Spot ETF,rank,1.2432,1.5,0.0,0,0.006809,0.0,0.0,0.0,0.045815
2023-07-26,300ETF,Spot ETF,rank,-0.3397,1.5,0.0,0,-0.002768,-0.0,0.0,-0.0,0.045815
2023-07-27,300ETF,Spot ETF,rank,0.2396,1.5,0.0,0,-0.004777,-0.0,0.0,-0.0,0.045815
2023-07-28,300ETF,Spot ETF,rank,-0.1586,1.5,0.0,0,0.02414,0.0,0.0,0.0,0.045815
2023-07-31,300ETF,Spot ETF,rank,1.7583,1.5,1.0,1,-0.00805,-0.00805,0.0008,-0.00885,0.036966
2023-08-01,300ETF,Spot ETF,rank,0.3057,1.5,0.0,0,-0.00711,-0.0,0.0008,-0.0008,0.036166
2023-08-02,300ETF,Spot ETF,rank,0.3729,1.5,0.0,0,-0.010107,-0.0,0.0,-0.0,0.036166
2023-08-03,300ETF,Spot ETF,rank,0.2757,1.5,0.0,0,0.006907,0.0,0.0,0.0,0.036166
2023-08-04,300ETF,Spot ETF,rank,1.0022,1.5,0.0,0,-0.003898,-0.0,0.0,-0.0,0.036166
2023-08-07,300ETF,Spot ETF,rank,-1.2377,1.5,-1.0,1,-0.003694,0.003694,0.0008,0.002894,0.03906
2023-08-08,300ETF,Spot ETF,rank,-1.0432,1.5,-1.0,1,0.002224,-0.002224,0.0,-0.002224,0.036836
2023-08-09,300ETF,Spot ETF,rank,0.0611,1.5,0.0,0,-0.002721,-0.0,0.0008,-0.0008,0.036036
2023-08-10,300ETF,Spot ETF,rank,0.1841,1.5,0.0,0,0.003713,0.0,0.0,0.0,0.036036
2023-08-11,300ETF,Spot ETF,rank,-0.9792,1.5,-1.0,1,-0.013769,0.013769,0.0008,0.012969,0.049005
2023-08-14,300ETF,Spot ETF,rank,-1.2694,1.5,-1.0,1,0.003573,-0.003573,0.0,-0.003573,0.045432
2023-08-15,300ETF,Spot ETF,rank,-0.2901,1.5,0.0,0,-0.001021,-0.0,0.0008,-0.0008,0.044632
2023-08-16,300ETF,Spot ETF,rank,-0.3235,1.5,0.0,0,-0.002051,-0.0,0.0,-0.0,0.044632
2023-08-17,300ETF,Spot ETF,rank,-0.9142,1.5,-1.0,1,0.008747,-0.008747,0.0008,-0.009547,0.035085
2023-08-18,300ETF,Spot ETF,rank,-0.0309,1.5,0.0,0,-0.01132,-0.0,0.0008,-0.0008,0.034285
2023-08-21,300ETF,Spot ETF,rank,-1.0355,1.5,-1.0,1,-0.002881,0.002881,0.0008,0.002081,0.036366
2023-08-22,300ETF,Spot ETF,rank,0.344,1.5,0.0,0,0.007076,0.0,0.0008,-0.0008,0.035566
2023-08-23,300ETF,Spot ETF,rank,-0.8,1.5,-1.0,1,-0.009241,0.009241,0.0008,0.008441,0.044007
2023-08-24,300ETF,Spot ETF,rank,0.2012,1.5,0.0,0,0.006074,0.0,0.0008,-0.0008,0.043207
2023-08-25,300ETF,Spot ETF,rank,-0.4151,1.5,0.0,0,-0.003437,-0.0,0.0,-0.0,0.043207
2023-08-28,300ETF,Spot ETF,rank,-0.1825,1.5,0.0,0,-0.019221,-0.0,0.0,-0.0,0.043207
2023-08-29,300ETF,Spot ETF,rank,0.692,1.5,0.0,0,0.007557,0.0,0.0,0.0,0.043207
2023-08-30,300ETF,Spot ETF,rank,-0.3472,1.5,0.0,0,-0.00491,-0.0,0.0,-0.0,0.043207
2023-08-31,300ETF,Spot ETF,rank,-0.1933,1.5,0.0,0,-0.0026,-0.0,0.0,-0.0,0.043207
2023-09-01,300ETF,Spot ETF,rank,0.8014,1.5,0.0,0,-0.001296,-0.0,0.0,-0.0,0.043207
2023-09-04,300ETF,Spot ETF,rank,0.11,1.5,0.0,0,0.006409,0.0,0.0,0.0,0.043207
2023-09-05,300ETF,Spot ETF,rank,-0.978,1.5,-1.0,1,-0.003338,0.003338,0.0008,0.002538,0.045745
2023-09-06,300ETF,Spot ETF,rank,-1.053,1.5,-1.0,1,0.004639,-0.004639,0.0,-0.004639,0.041106
2023-09-07,300ETF,Spot ETF,rank,-1.1275,1.5,-1.0,1,-0.007282,0.007282,0.0,0.007282,0.048388
2023-09-08,300ETF,Spot ETF,rank,-0.508,1.5,0.0,0,0.000789,0.0,0.0008,-0.0008,0.047588
2023-09-11,300ETF,Spot ETF,rank,0.1818,1.5,0.0,0,0.005489,0.0,0.0,0.0,0.047588
2023-09-12,300ETF,Spot ETF,rank,-0.7941,1.5,0.0,0,-0.000261,-0.0,0.0,-0.0,0.047588
2023-09-13,300ETF,Spot ETF,rank,0.2263,1.5,0.0,0,-0.009173,-0.0,0.0,-0.0,0.047588
2023-09-14,300ETF,Spot ETF,rank,0.2106,1.5,0.0,0,-0.002365,-0.0,0.0,-0.0,0.047588
2023-09-15,300ETF,Spot ETF,rank,-0.7441,1.5,0.0,0,-0.006073,-0.0,0.0,-0.0,0.047588
2023-09-18,300ETF,Spot ETF,rank,0.1931,1.5,0.0,0,0.001582,0.0,0.0,0.0,0.047588
2023-09-19,300ETF,Spot ETF,rank,-0.9649,1.5,-1.0,1,0.005549,-0.005549,0.0008,-0.006349,0.04124
2023-09-20,300ETF,Spot ETF,rank,-0.8358,1.5,-1.0,1,0.000529,-0.000529,0.0,-0.000529,0.040711
2023-09-21,300ETF,Spot ETF,rank,-0.1175,1.5,0.0,0,-0.004794,-0.0,0.0008,-0.0008,0.039911
2023-09-22,300ETF,Spot ETF,rank,-0.1877,1.5,0.0,0,0.014796,0.0,0.0,0.0,0.039911
2023-09-25,300ETF,Spot ETF,rank,-1.0864,1.5,-1.0,1,-0.00132,0.00132,0.0008,0.00052,0.040431
2023-09-26,300ETF,Spot ETF,rank,0.1913,1.5,0.0,0,-0.003444,-0.0,0.0008,-0.0008,0.039631
2023-09-27,300ETF,Spot ETF,rank,0.9512,1.5,0.0,0,-0.004752,-0.0,0.0,-0.0,0.039631
2023-09-28,300ETF,Spot ETF,rank,-0.3193,1.5,0.0,0,-0.005042,-0.0,0.0,-0.0,0.039631
2023-10-09,300ETF,Spot ETF,rank,-1.2469,1.5,-1.0,1,0.002133,-0.002133,0.0008,-0.002933,0.036698
2023-10-10,300ETF,Spot ETF,rank,-0.3442,1.5,0.0,0,-0.007213,-0.0,0.0008,-0.0008,0.035898
2023-10-11,300ETF,Spot ETF,rank,0.634,1.5,0.0,0,-0.00668,-0.0,0.0,-0.0,0.035898
2023-10-12,300ETF,Spot ETF,rank,-0.0148,1.5,0.0,0,0.000796,0.0,0.0,0.0,0.035898
2023-10-13,300ETF,Spot ETF,rank,-1.1582,1.5,-1.0,1,-0.002679,0.002679,0.0008,0.001879,0.037777
2023-10-16,300ETF,Spot ETF,rank,-0.9414,1.5,-1.0,1,-0.005952,0.005952,0.0,0.005952,0.043729
2023-10-17,300ETF,Spot ETF,rank,-0.7802,1.5,0.0,0,0.001081,0.0,0.0008,-0.0008,0.042929
2023-10-18,300ETF,Spot ETF,rank,-1.0212,1.5,-1.0,1,-0.001357,0.001357,0.0008,0.000557,0.043487
2023-10-19,300ETF,Spot ETF,rank,-1.168,1.5,-1.0,1,-0.00884,0.00884,0.0,0.00884,0.052327
2023-10-20,300ETF,Spot ETF,rank,0.0356,1.5,0.0,0,-0.001676,-0.0,0.0008,-0.0008,0.051527
2023-10-23,300ETF,Spot ETF,rank,-0.686,1.5,0.0,0,-0.006784,-0.0,0.0,-0.0,0.051527
2023-10-24,300ETF,Spot ETF,rank,-0.5945,1.5,0.0,0,0.007633,0.0,0.0,0.0,0.051527
2023-10-25,300ETF,Spot ETF,rank,0.159,1.5,0.0,0,-0.006971,-0.0,0.0,-0.0,0.051527
2023-10-26,300ETF,Spot ETF,rank,-0.151,1.5,0.0,0,0.005888,0.0,0.0,0.0,0.051527
2023-10-27,300ETF,Spot ETF,rank,0.6183,1.5,0.0,0,0.012735,0.0,0.0,0.0,0.051527
2023-10-30,300ETF,Spot ETF,rank,0.5165,1.5,0.0,0,0.004662,0.0,0.0,0.0,0.051527
2023-10-31,300ETF,Spot ETF,rank,-0.8445,1.5,-1.0,1,0.002749,-0.002749,0.0008,-0.003549,0.047978
2023-11-01,300ETF,Spot ETF,rank,-0.6362,1.5,0.0,0,-0.000275,-0.0,0.0008,-0.0008,0.047178
2023-11-02,300ETF,Spot ETF,rank,0.4758,1.5,0.0,0,-0.004119,-0.0,0.0,-0.0,0.047178
2023-11-03,300ETF,Spot ETF,rank,0.5217,1.5,0.0,0,0.004387,0.0,0.0,0.0,0.047178
2023-11-06,300ETF,Spot ETF,rank,0.4403,1.5,0.0,0,0.004067,0.0,0.0,0.0,0.047178
2023-11-07,300ETF,Spot ETF,rank,-0.8343,1.5,-1.0,1,0.00271,-0.00271,0.0008,-0.00351,0.043668
2023-11-08,300ETF,Spot ETF,rank,0.0421,1.5,0.0,0,-0.005704,-0.0,0.0008,-0.0008,0.042868
2023-11-09,300ETF,Spot ETF,rank,0.5916,1.5,0.0,0,-0.000543,-0.0,0.0,-0.0,0.042868
2023-11-10,300ETF,Spot ETF,rank,-1.0202,1.5,-1.0,1,0.001642,-0.001642,0.0008,-0.002442,0.040426
2023-11-13,300ETF,Spot ETF,rank,-0.6212,1.5,0.0,0,-0.001646,-0.0,0.0008,-0.0008,0.039626
2023-11-14,300ETF,Spot ETF,rank,0.7092,1.5,0.0,0,-0.002738,-0.0,0.0,-0.0,0.039626
2023-11-15,300ETF,Spot ETF,rank,-0.4516,1.5,0.0,0,-0.002723,-0.0,0.0,-0.0,0.039626
2023-11-16,300ETF,Spot ETF,rank,-0.4321,1.5,0.0,0,-0.003014,-0.0,0.0,-0.0,0.039626
2023-11-17,300ETF,Spot ETF,rank,-0.1536,1.5,0.0,0,0.001379,0.0,0.0,0.0,0.039626
2023-11-20,300ETF,Spot ETF,rank,-0.7869,1.5,0.0,0,0.008544,0.0,0.0,0.0,0.039626
2023-11-21,300ETF,Spot ETF,rank,1.1981,1.5,0.0,0,-0.00901,-0.0,0.0,-0.0,0.039626
2023-11-22,300ETF,Spot ETF,rank,-0.4337,1.5,0.0,0,-0.004411,-0.0,0.0,-0.0,0.039626
2023-11-23,300ETF,Spot ETF,rank,-0.1479,1.5,0.0,0,0.00747,0.0,0.0,0.0,0.039626
2023-11-24,300ETF,Spot ETF,rank,-0.9195,1.5,-1.0,1,-0.003876,0.003876,0.0008,0.003076,0.042702
2023-11-27,300ETF,Spot ETF,rank,-1.2149,1.5,-1.0,1,0.002519,-0.002519,0.0,-0.002519,0.040183
2023-11-28,300ETF,Spot ETF,rank,-0.4452,1.5,0.0,0,0.000558,0.0,0.0008,-0.0008,0.039383
2023-11-29,300ETF,Spot ETF,rank,-0.9717,1.5,-1.0,1,-0.003931,0.003931,0.0008,0.003131,0.042515
2023-11-30,300ETF,Spot ETF,rank,0.0939,1.5,0.0,0,0.001685,0.0,0.0008,-0.0008,0.041715
2023-12-01,300ETF,Spot ETF,rank,-1.0907,1.5,-1.0,1,0.002258,-0.002258,0.0008,-0.003058,0.038657
2023-12-04,300ETF,Spot ETF,rank,-0.6441,1.5,0.0,0,-0.005936,-0.0,0.0008,-0.0008,0.037857
2023-12-05,300ETF,Spot ETF,rank,-1.0496,1.5,-1.0,1,-0.008028,0.008028,0.0008,0.007228,0.045084
2023-12-06,300ETF,Spot ETF,rank,-0.2983,1.5,0.0,0,0.001733,0.0,0.0008,-0.0008,0.044284
2023-12-07,300ETF,Spot ETF,rank,-0.7573,1.5,0.0,0,0.006377,0.0,0.0,0.0,0.044284
2023-12-08,300ETF,Spot ETF,rank,0.2152,1.5,0.0,0,0.002314,0.0,0.0,0.0,0.044284
2023-12-11,300ETF,Spot ETF,rank,-1.4411,1.5,-1.0,1,0.0214,-0.0214,0.0008,-0.0222,0.022084
2023-12-12,300ETF,Spot ETF,rank,0.0438,1.5,0.0,0,0.002582,0.0,0.0008,-0.0008,0.021284
2023-12-13,300ETF,Spot ETF,rank,-1.0898,1.5,-1.0,1,-0.007519,0.007519,0.0008,0.006719,0.028003
2023-12-14,300ETF,Spot ETF,rank,0.3911,1.5,0.0,0,-0.005824,-0.0,0.0008,-0.0008,0.027203
2023-12-15,300ETF,Spot ETF,rank,0.3225,1.5,0.0,0,-0.00585,-0.0,0.0,-0.0,0.027203
2023-12-18,300ETF,Spot ETF,rank,0.0278,1.5,0.0,0,-0.003821,-0.0,0.0,-0.0,0.027203
2023-12-19,300ETF,Spot ETF,rank,-0.8091,1.5,-1.0,1,-0.002066,0.002066,0.0008,0.001266,0.028469
2023-12-20,300ETF,Spot ETF,rank,-0.3977,1.5,0.0,0,-0.007082,-0.0,0.0008,-0.0008,0.027669
2023-12-21,300ETF,Spot ETF,rank,0.6657,1.5,0.0,0,0.008267,0.0,0.0,0.0,0.027669
2023-12-22,300ETF,Spot ETF,rank,-0.5471,1.5,0.0,0,0.004713,0.0,0.0,0.0,0.027669
2023-12-25,300ETF,Spot ETF,rank,0.3934,1.5,0.0,0,0.000879,0.0,0.0,0.0,0.027669
2023-12-26,300ETF,Spot ETF,rank,-0.8698,1.5,-1.0,1,-0.002355,0.002355,0.0008,0.001555,0.029224
2023-12-27,300ETF,Spot ETF,rank,-0.3455,1.5,0.0,0,0.007954,0.0,0.0008,-0.0008,0.028424
2023-12-28,300ETF,Spot ETF,rank,1.5548,1.5,1.0,1,0.013,0.013,0.0008,0.0122,0.040624
2023-12-29,300ETF,Spot ETF,rank,0.369,1.5,0.0,0,-0.001144,-0.0,0.0008,-0.0008,0.039824
2024-01-02,300ETF,Spot ETF,rank,-1.1704,1.5,-1.0,1,-0.004325,0.004325,0.0008,0.003525,0.043349
2024-01-03,300ETF,Spot ETF,rank,0.2069,1.5,0.0,0,-0.00232,-0.0,0.0008,-0.0008,0.042549
2024-01-04,300ETF,Spot ETF,rank,-0.9629,1.5,-1.0,1,-0.002343,0.002343,0.0008,0.001543,0.044092
2024-01-05,300ETF,Spot ETF,rank,0.6786,1.5,0.0,0,-0.01057,-0.0,0.0008,-0.0008,0.043292
2024-01-08,300ETF,Spot ETF,rank,-0.2037,1.5,0.0,0,-0.006544,-0.0,0.0,-0.0,0.043292
2024-01-09,300ETF,Spot ETF,rank,-0.3659,1.5,0.0,0,0.002084,0.0,0.0,0.0,0.043292
2024-01-10,300ETF,Spot ETF,rank,-0.442,1.5,0.0,0,-0.004477,-0.0,0.0,-0.0,0.043292
2024-01-11,300ETF,Spot ETF,rank,-0.3294,1.5,0.0,0,0.006271,0.0,0.0,0.0,0.043292
2024-01-12,300ETF,Spot ETF,rank,-0.3248,1.5,0.0,0,-0.000893,-0.0,0.0,-0.0,0.043292
2024-01-15,300ETF,Spot ETF,rank,-0.7099,1.5,0.0,0,0.002094,0.0,0.0,0.0,0.043292
2024-01-16,300ETF,Spot ETF,rank,0.6503,1.5,0.0,0,-0.000596,-0.0,0.0,-0.0,0.043292
2024-01-17,300ETF,Spot ETF,rank,-0.9493,1.5,-1.0,1,-0.005409,0.005409,0.0008,0.004609,0.047901
2024-01-18,300ETF,Spot ETF,rank,-0.6511,1.5,0.0,0,0.003415,0.0,0.0008,-0.0008,0.047101
2024-01-19,300ETF,Spot ETF,rank,0.1703,1.5,0.0,0,-0.002751,-0.0,0.0,-0.0,0.047101
2024-01-22,300ETF,Spot ETF,rank,-0.3361,1.5,0.0,0,-0.012967,-0.0,0.0,-0.0,0.047101
2024-01-23,300ETF,Spot ETF,rank,-0.4684,1.5,0.0,0,0.008062,0.0,0.0,0.0,0.047101
2024-01-24,300ETF,Spot ETF,rank,-0.2822,1.5,0.0,0,0.009871,0.0,0.0,0.0,0.047101
2024-01-25,300ETF,Spot ETF,rank,0.3217,1.5,0.0,0,0.015106,0.0,0.0,0.0,0.047101
2024-01-26,300ETF,Spot ETF,rank,-0.0692,1.5,0.0,0,0.001504,0.0,0.0,0.0,0.047101
2024-01-29,300ETF,Spot ETF,rank,0.3904,1.5,0.0,0,-0.004208,-0.0,0.0,-0.0,0.047101
2024-01-30,300ETF,Spot ETF,rank,-0.6401,1.5,0.0,0,-0.003676,-0.0,0.0,-0.0,0.047101
2024-01-31,300ETF,Spot ETF,rank,0.187,1.5,0.0,0,-0.003103,-0.0,0.0,-0.0,0.047101
2024-02-01,300ETF,Spot ETF,rank,-0.3357,1.5,0.0,0,0.007797,0.0,0.0,0.0,0.047101
2024-02-02,300ETF,Spot ETF,rank,0.23,1.5,0.0,0,-0.010625,-0.0,0.0,-0.0,0.047101
2024-02-05,300ETF,Spot ETF,rank,0.0426,1.5,0.0,0,0.0113,0.0,0.0,0.0,0.047101
2024-02-06,300ETF,Spot ETF,rank,1.9761,1.5,1.0,1,0.012266,0.012266,0.0008,0.011466,0.058567
2024-02-07,300ETF,Spot ETF,rank,0.3814,1.5,0.0,0,0.000301,0.0,0.0008,-0.0008,0.057767
2024-02-08,300ETF,Spot ETF,rank,0.436,1.5,0.0,0,-0.003286,-0.0,0.0,-0.0,0.057767
2024-02-19,300ETF,Spot ETF,rank,-0.8693,1.5,-1.0,1,0.006221,-0.006221,0.0008,-0.007021,0.050746
2024-02-20,300ETF,Spot ETF,rank,-0.8101,1.5,-1.0,1,0.00472,-0.00472,0.0,-0.00472,0.046026
2024-02-21,300ETF,Spot ETF,rank,0.0451,1.5,0.0,0,0.018943,0.0,0.0008,-0.0008,0.045226
2024-02-22,300ETF,Spot ETF,rank,0.742,1.5,0.0,0,0.00375,0.0,0.0,0.0,0.045226
2024-02-23,300ETF,Spot ETF,rank,0.1614,1.5,0.0,0,-0.001435,-0.0,0.0,-0.0,0.045226
2024-02-26,300ETF,Spot ETF,rank,-0.216,1.5,0.0,0,-0.004049,-0.0,0.0,-0.0,0.045226
2024-02-27,300ETF,Spot ETF,rank,0.2413,1.5,0.0,0,0.008666,0.0,0.0,0.0,0.045226
2024-02-28,300ETF,Spot ETF,rank,-0.1995,1.5,0.0,0,-0.006307,-0.0,0.0,-0.0,0.045226
2024-02-29,300ETF,Spot ETF,rank,1.2259,1.5,0.0,0,0.007465,0.0,0.0,0.0,0.045226
2024-03-01,300ETF,Spot ETF,rank,-0.0136,1.5,0.0,0,0.006252,0.0,0.0,0.0,0.045226
2024-03-04,300ETF,Spot ETF,rank,-0.0499,1.5,0.0,0,0.000283,0.0,0.0,0.0,0.045226
2024-03-05,300ETF,Spot ETF,rank,0.5052,1.5,0.0,0,0.004508,0.0,0.0,0.0,0.045226
2024-03-06,300ETF,Spot ETF,rank,-0.3248,1.5,0.0,0,0.001973,0.0,0.0,0.0,0.045226
2024-03-07,300ETF,Spot ETF,rank,0.6086,1.5,0.0,0,-0.009052,-0.0,0.0,-0.0,0.045226
2024-03-08,300ETF,Spot ETF,rank,0.3932,1.5,0.0,0,0.002549,0.0,0.0,0.0,0.045226
2024-03-11,300ETF,Spot ETF,rank,0.4112,1.5,0.0,0,0.009847,0.0,0.0,0.0,0.045226
2024-03-12,300ETF,Spot ETF,rank,0.0003,1.5,0.0,0,-0.002506,-0.0,0.0,-0.0,0.045226
2024-03-13,300ETF,Spot ETF,rank,-0.6951,1.5,0.0,0,-0.002802,-0.0,0.0,-0.0,0.045226
2024-03-14,300ETF,Spot ETF,rank,0.9125,1.5,0.0,0,-0.009814,-0.0,0.0,-0.0,0.045226
2024-03-15,300ETF,Spot ETF,rank,-0.122,1.5,0.0,0,0.005921,0.0,0.0,0.0,0.045226
2024-03-18,300ETF,Spot ETF,rank,0.3837,1.5,0.0,0,0.0,0.0,0.0,0.0,0.045226
2024-03-19,300ETF,Spot ETF,rank,-0.3396,1.5,0.0,0,-0.00615,-0.0,0.0,-0.0,0.045226
2024-03-20,300ETF,Spot ETF,rank,-0.0217,1.5,0.0,0,-0.00028,-0.0,0.0,-0.0,0.045226
2024-03-21,300ETF,Spot ETF,rank,-0.1475,1.5,0.0,0,-0.002788,-0.0,0.0,-0.0,0.045226
2024-03-22,300ETF,Spot ETF,rank,-0.6467,1.5,0.0,0,-0.000566,-0.0,0.0,-0.0,0.045226
2024-03-25,300ETF,Spot ETF,rank,-0.4575,1.5,0.0,0,-0.000283,-0.0,0.0,-0.0,0.045226
2024-03-26,300ETF,Spot ETF,rank,0.4957,1.5,0.0,0,0.00085,0.0,0.0,0.0,0.045226
2024-03-27,300ETF,Spot ETF,rank,-0.8506,1.5,-1.0,1,-0.002275,0.002275,0.0008,0.001475,0.046701
2024-03-28,300ETF,Spot ETF,rank,-0.3671,1.5,0.0,0,0.003434,0.0,0.0008,-0.0008,0.045901
2024-03-29,300ETF,Spot ETF,rank,0.6665,1.5,0.0,0,-0.001419,-0.0,0.0,-0.0,0.045901
2024-04-01,300ETF,Spot ETF,rank,1.5218,1.5,1.0,1,0.001954,0.001954,0.0008,0.001154,0.047055
2024-04-02,300ETF,Spot ETF,rank,-0.3012,1.5,0.0,0,-0.005038,-0.0,0.0008,-0.0008,0.046255
2024-04-03,300ETF,Spot ETF,rank,-0.6892,1.5,0.0,0,-0.000843,-0.0,0.0,-0.0,0.046255
2024-04-08,300ETF,Spot ETF,rank,-0.9062,1.5,-1.0,1,-0.003675,0.003675,0.0008,0.002875,0.04913
2024-04-09,300ETF,Spot ETF,rank,-0.0314,1.5,0.0,0,0.002273,0.0,0.0008,-0.0008,0.04833
2024-04-10,300ETF,Spot ETF,rank,-0.5757,1.5,0.0,0,-0.005414,-0.0,0.0,-0.0,0.04833
2024-04-11,300ETF,Spot ETF,rank,-0.1795,1.5,0.0,0,0.002865,0.0,0.0,0.0,0.04833
2024-04-12,300ETF,Spot ETF,rank,0.1792,1.5,0.0,0,-0.006322,-0.0,0.0,-0.0,0.04833
2024-04-15,300ETF,Spot ETF,rank,1.5336,1.5,1.0,1,0.007691,0.007691,0.0008,0.006891,0.055222
2024-04-16,300ETF,Spot ETF,rank,-0.0753,1.5,0.0,0,-0.006546,-0.0,0.0008,-0.0008,0.054422
2024-04-17,300ETF,Spot ETF,rank,0.0816,1.5,0.0,0,0.010201,0.0,0.0,0.0,0.054422
2024-04-18,300ETF,Spot ETF,rank,-0.0289,1.5,0.0,0,0.005905,0.0,0.0,0.0,0.054422
2024-04-19,300ETF,Spot ETF,rank,-0.4703,1.5,0.0,0,-0.005374,-0.0,0.0,-0.0,0.054422
2024-04-22,300ETF,Spot ETF,rank,0.4662,1.5,0.0,0,-0.007925,-0.0,0.0,-0.0,0.054422
2024-04-23,300ETF,Spot ETF,rank,-0.5354,1.5,0.0,0,0.0,0.0,0.0,0.0,0.054422
2024-04-24,300ETF,Spot ETF,rank,-0.893,1.5,-1.0,1,0.004859,-0.004859,0.0008,-0.005659,0.048762
2024-04-25,300ETF,Spot ETF,rank,-0.687,1.5,0.0,0,0.005127,0.0,0.0008,-0.0008,0.047962
2024-04-26,300ETF,Spot ETF,rank,0.9993,1.5,0.0,0,0.010674,0.0,0.0,0.0,0.047962
2024-04-29,300ETF,Spot ETF,rank,0.226,1.5,0.0,0,0.00914,0.0,0.0,0.0,0.047962
2024-04-30,300ETF,Spot ETF,rank,-0.5608,1.5,0.0,0,-0.001662,-0.0,0.0,-0.0,0.047962
2024-05-06,300ETF,Spot ETF,rank,0.022,1.5,0.0,0,-0.002464,-0.0,0.0,-0.0,0.047962
2024-05-07,300ETF,Spot ETF,rank,-0.3162,1.5,0.0,0,-0.001919,-0.0,0.0,-0.0,0.047962
2024-05-08,300ETF,Spot ETF,rank,-0.9382,1.5,-1.0,1,-0.003857,0.003857,0.0008,0.003057,0.051019
2024-05-09,300ETF,Spot ETF,rank,0.8746,1.5,0.0,0,0.002739,0.0,0.0008,-0.0008,0.050219
2024-05-10,300ETF,Spot ETF,rank,-0.2174,1.5,0.0,0,0.003835,0.0,0.0,0.0,0.050219
2024-05-13,300ETF,Spot ETF,rank,-0.833,1.5,-1.0,1,0.004118,-0.004118,0.0008,-0.004918,0.045301
2024-05-14,300ETF,Spot ETF,rank,0.0591,1.5,0.0,0,0.0,0.0,0.0008,-0.0008,0.044501
2024-05-15,300ETF,Spot ETF,rank,-0.7214,1.5,0.0,0,-0.003579,-0.0,0.0,-0.0,0.044501
2024-05-16,300ETF,Spot ETF,rank,-0.3554,1.5,0.0,0,-0.000826,-0.0,0.0,-0.0,0.044501
2024-05-17,300ETF,Spot ETF,rank,-0.071,1.5,0.0,0,0.002464,0.0,0.0,0.0,0.044501
2024-05-20,300ETF,Spot ETF,rank,0.8367,1.5,0.0,0,-0.002711,-0.0,0.0,-0.0,0.044501
2024-05-21,300ETF,Spot ETF,rank,-0.572,1.5,0.0,0,-0.001634,-0.0,0.0,-0.0,0.044501
2024-05-22,300ETF,Spot ETF,rank,-0.164,1.5,0.0,0,0.00136,0.0,0.0,0.0,0.044501
2024-05-23,300ETF,Spot ETF,rank,-1.1031,1.5,-1.0,1,-0.003841,0.003841,0.0008,0.003041,0.047542
2024-05-24,300ETF,Spot ETF,rank,0.411,1.5,0.0,0,-0.009379,-0.0,0.0008,-0.0008,0.046742
2024-05-27,300ETF,Spot ETF,rank,0.1955,1.5,0.0,0,0.004143,0.0,0.0,0.0,0.046742
2024-05-28,300ETF,Spot ETF,rank,-0.5462,1.5,0.0,0,-0.004979,-0.0,0.0,-0.0,0.046742
2024-05-29,300ETF,Spot ETF,rank,0.7112,1.5,0.0,0,-0.002762,-0.0,0.0,-0.0,0.046742
2024-05-30,300ETF,Spot ETF,rank,-0.0048,1.5,0.0,0,-0.007482,-0.0,0.0,-0.0,0.046742
2024-05-31,300ETF,Spot ETF,rank,0.1261,1.5,0.0,0,-0.00778,-0.0,0.0,-0.0,0.046742
2024-06-03,300ETF,Spot ETF,rank,-0.5353,1.5,0.0,0,-0.003911,-0.0,0.0,-0.0,0.046742
2024-06-04,300ETF,Spot ETF,rank,-0.044,1.5,0.0,0,0.006376,0.0,0.0,0.0,0.046742
2024-06-05,300ETF,Spot ETF,rank,0.1882,1.5,0.0,0,-0.004983,-0.0,0.0,-0.0,0.046742
2024-06-06,300ETF,Spot ETF,rank,0.3519,1.5,0.0,0,-0.004447,-0.0,0.0,-0.0,0.046742
2024-06-07,300ETF,Spot ETF,rank,-0.1684,1.5,0.0,0,-0.00474,-0.0,0.0,-0.0,0.046742
2024-06-11,300ETF,Spot ETF,rank,-0.8517,1.5,-1.0,1,0.000845,-0.000845,0.0008,-0.001645,0.045097
2024-06-12,300ETF,Spot ETF,rank,0.032,1.5,0.0,0,0.000282,0.0,0.0008,-0.0008,0.044297
2024-06-13,300ETF,Spot ETF,rank,-0.8584,1.5,-1.0,1,-0.006218,0.006218,0.0008,0.005418,0.049715
2024-06-14,300ETF,Spot ETF,rank,-0.4907,1.5,0.0,0,0.005928,0.0,0.0008,-0.0008,0.048915
2024-06-17,300ETF,Spot ETF,rank,-0.3136,1.5,0.0,0,-0.000282,-0.0,0.0,-0.0,0.048915
2024-06-18,300ETF,Spot ETF,rank,0.2288,1.5,0.0,0,-0.000845,-0.0,0.0,-0.0,0.048915
2024-06-19,300ETF,Spot ETF,rank,-1.0005,1.5,-1.0,1,-0.000846,0.000846,0.0008,4.6e-05,0.048961
2024-06-20,300ETF,Spot ETF,rank,0.0025,1.5,0.0,0,-0.002839,-0.0,0.0008,-0.0008,0.048161
2024-06-21,300ETF,Spot ETF,rank,-0.5827,1.5,0.0,0,-0.000569,-0.0,0.0,-0.0,0.048161
2024-06-24,300ETF,Spot ETF,rank,-0.5787,1.5,0.0,0,0.002281,0.0,0.0,0.0,0.048161
2024-06-25,300ETF,Spot ETF,rank,-0.0758,1.5,0.0,0,-0.004581,-0.0,0.0,-0.0,0.048161
2024-06-26,300ETF,Spot ETF,rank,-0.4622,1.5,0.0,0,0.009169,0.0,0.0,0.0,0.048161
2024-06-27,300ETF,Spot ETF,rank,-1.2059,1.5,-1.0,1,0.003159,-0.003159,0.0008,-0.003959,0.044202
2024-06-28,300ETF,Spot ETF,rank,1.0484,1.5,0.0,0,-0.005153,-0.0,0.0008,-0.0008,0.043402
2024-07-01,300ETF,Spot ETF,rank,-0.1181,1.5,0.0,0,0.004869,0.0,0.0,0.0,0.043402
2024-07-02,300ETF,Spot ETF,rank,0.1768,1.5,0.0,0,-0.003718,-0.0,0.0,-0.0,0.043402
2024-07-03,300ETF,Spot ETF,rank,-0.4319,1.5,0.0,0,0.001434,0.0,0.0,0.0,0.043402
2024-07-04,300ETF,Spot ETF,rank,0.4922,1.5,0.0,0,-0.004876,-0.0,0.0,-0.0,0.043402
2024-07-05,300ETF,Spot ETF,rank,-0.4998,1.5,0.0,0,0.00029,0.0,0.0,0.0,0.043402
2024-07-08,300ETF,Spot ETF,rank,-0.497,1.5,0.0,0,-0.002614,-0.0,0.0,-0.0,0.043402
2024-07-09,300ETF,Spot ETF,rank,-0.1664,1.5,0.0,0,0.010417,0.0,0.0,0.0,0.043402
2024-07-10,300ETF,Spot ETF,rank,0.3908,1.5,0.0,0,-0.003458,-0.0,0.0,-0.0,0.043402
2024-07-11,300ETF,Spot ETF,rank,-0.3714,1.5,0.0,0,0.003428,0.0,0.0,0.0,0.043402
2024-07-12,300ETF,Spot ETF,rank,-0.1267,1.5,0.0,0,0.001422,0.0,0.0,0.0,0.043402
2024-07-15,300ETF,Spot ETF,rank,0.1238,1.5,0.0,0,0.0,0.0,0.0,0.0,0.043402
2024-07-16,300ETF,Spot ETF,rank,0.0062,1.5,0.0,0,0.00424,0.0,0.0,0.0,0.043402
2024-07-17,300ETF,Spot ETF,rank,-0.5968,1.5,0.0,0,0.005065,0.0,0.0,0.0,0.043402
2024-07-18,300ETF,Spot ETF,rank,-0.6457,1.5,0.0,0,0.006185,0.0,0.0,0.0,0.043402
2024-07-19,300ETF,Spot ETF,rank,-0.5269,1.5,0.0,0,0.008385,0.0,0.0,0.0,0.043402
2024-07-22,300ETF,Spot ETF,rank,-0.7174,1.5,0.0,0,0.0,0.0,0.0,0.0,0.043402
2024-07-23,300ETF,Spot ETF,rank,-1.0717,1.5,-1.0,1,-0.012183,0.012183,0.0008,0.011383,0.054786
2024-07-24,300ETF,Spot ETF,rank,0.4443,1.5,0.0,0,-0.004308,-0.0,0.0008,-0.0008,0.053986
2024-07-25,300ETF,Spot ETF,rank,-0.2439,1.5,0.0,0,-0.003755,-0.0,0.0,-0.0,0.053986
2024-07-26,300ETF,Spot ETF,rank,0.8022,1.5,0.0,0,-0.004322,-0.0,0.0,-0.0,0.053986
2024-07-29,300ETF,Spot ETF,rank,-0.3855,1.5,0.0,0,-0.002889,-0.0,0.0,-0.0,0.053986
2024-07-30,300ETF,Spot ETF,rank,-1.2054,1.5,-1.0,1,0.001166,-0.001166,0.0008,-0.001966,0.05202
2024-07-31,300ETF,Spot ETF,rank,0.951,1.5,0.0,0,0.014075,0.0,0.0008,-0.0008,0.05122
2024-08-01,300ETF,Spot ETF,rank,-0.377,1.5,0.0,0,-0.005152,-0.0,0.0,-0.0,0.05122
2024-08-02,300ETF,Spot ETF,rank,0.1756,1.5,0.0,0,-0.007798,-0.0,0.0,-0.0,0.05122
2024-08-05,300ETF,Spot ETF,rank,1.1325,1.5,0.0,0,-0.010203,-0.0,0.0,-0.0,0.05122
2024-08-06,300ETF,Spot ETF,rank,-0.176,1.5,0.0,0,-0.006168,-0.0,0.0,-0.0,0.05122
2024-08-07,300ETF,Spot ETF,rank,0.5436,1.5,0.0,0,-0.002932,-0.0,0.0,-0.0,0.05122
2024-08-08,300ETF,Spot ETF,rank,-0.7349,1.5,0.0,0,0.006177,0.0,0.0,0.0,0.05122
2024-08-09,300ETF,Spot ETF,rank,0.107,1.5,0.0,0,-0.005282,-0.0,0.0,-0.0,0.05122
2024-08-12,300ETF,Spot ETF,rank,-0.2282,1.5,0.0,0,-0.003536,-0.0,0.0,-0.0,0.05122
2024-08-13,300ETF,Spot ETF,rank,-0.4076,1.5,0.0,0,-0.000887,-0.0,0.0,-0.0,0.05122
2024-08-14,300ETF,Spot ETF,rank,-1.1213,1.5,-1.0,1,0.000296,-0.000296,0.0008,-0.001096,0.050124
2024-08-15,300ETF,Spot ETF,rank,1.0966,1.5,0.0,0,0.000589,0.0,0.0008,-0.0008,0.049324
2024-08-16,300ETF,Spot ETF,rank,-0.1228,1.5,0.0,0,-0.003807,-0.0,0.0,-0.0,0.049324
2024-08-19,300ETF,Spot ETF,rank,1.1484,1.5,0.0,0,-0.005245,-0.0,0.0,-0.0,0.049324
2024-08-20,300ETF,Spot ETF,rank,-0.9214,1.5,-1.0,1,-0.002647,0.002647,0.0008,0.001847,0.051171
2024-08-21,300ETF,Spot ETF,rank,-0.7167,1.5,0.0,0,0.001181,0.0,0.0008,-0.0008,0.050371
2024-08-22,300ETF,Spot ETF,rank,-0.2776,1.5,0.0,0,-0.000888,-0.0,0.0,-0.0,0.050371
2024-08-23,300ETF,Spot ETF,rank,0.2904,1.5,0.0,0,0.004133,0.0,0.0,0.0,0.050371
2024-08-26,300ETF,Spot ETF,rank,-0.388,1.5,0.0,0,0.000295,0.0,0.0,0.0,0.050371
2024-08-27,300ETF,Spot ETF,rank,-0.5176,1.5,0.0,0,-0.002074,-0.0,0.0,-0.0,0.050371
2024-08-28,300ETF,Spot ETF,rank,-0.3339,1.5,0.0,0,-0.001488,-0.0,0.0,-0.0,0.050371
2024-08-29,300ETF,Spot ETF,rank,-0.1662,1.5,0.0,0,0.002687,0.0,0.0,0.0,0.050371
2024-08-30,300ETF,Spot ETF,rank,1.3609,1.5,0.0,0,0.00472,0.0,0.0,0.0,0.050371
2024-09-02,300ETF,Spot ETF,rank,-0.7621,1.5,0.0,0,-0.007164,-0.0,0.0,-0.0,0.050371
2024-09-03,300ETF,Spot ETF,rank,-0.0598,1.5,0.0,0,0.002394,0.0,0.0,0.0,0.050371
2024-09-04,300ETF,Spot ETF,rank,-0.6872,1.5,0.0,0,0.0,0.0,0.0,0.0,0.050371
2024-09-05,300ETF,Spot ETF,rank,-0.026,1.5,0.0,0,0.003007,0.0,0.0,0.0,0.050371
2024-09-06,300ETF,Spot ETF,rank,0.0129,1.5,0.0,0,-0.009314,-0.0,0.0,-0.0,0.050371
2024-09-09,300ETF,Spot ETF,rank,-0.6047,1.5,0.0,0,-0.006427,-0.0,0.0,-0.0,0.050371
2024-09-10,300ETF,Spot ETF,rank,-0.3635,1.5,0.0,0,0.002148,0.0,0.0,0.0,0.050371
2024-09-11,300ETF,Spot ETF,rank,-0.8502,1.5,-1.0,1,0.000922,-0.000922,0.0008,-0.001722,0.048649
2024-09-12,300ETF,Spot ETF,rank,0.3565,1.5,0.0,0,-0.005219,-0.0,0.0008,-0.0008,0.047849
2024-09-13,300ETF,Spot ETF,rank,0.4027,1.5,0.0,0,-0.007708,-0.0,0.0,-0.0,0.047849
2024-09-18,300ETF,Spot ETF,rank,0.3344,1.5,0.0,0,0.004019,0.0,0.0,0.0,0.047849
2024-09-19,300ETF,Spot ETF,rank,-0.5674,1.5,0.0,0,0.009837,0.0,0.0,0.0,0.047849
2024-09-20,300ETF,Spot ETF,rank,-0.4888,1.5,0.0,0,0.004605,0.0,0.0,0.0,0.047849
2024-09-23,300ETF,Spot ETF,rank,0.9186,1.5,0.0,0,-0.002737,-0.0,0.0,-0.0,0.047849
2024-09-24,300ETF,Spot ETF,rank,-0.1091,1.5,0.0,0,0.033952,0.0,0.0,0.0,0.047849
2024-09-25,300ETF,Spot ETF,rank,1.7568,1.5,1.0,1,-0.01287,-0.01287,0.0008,-0.01367,0.034179
2024-09-26,300ETF,Spot ETF,rank,0.6709,1.5,0.0,0,0.029306,0.0,0.0008,-0.0008,0.033379
2024-09-27,300ETF,Spot ETF,rank,1.2385,1.5,0.0,0,0.032807,0.0,0.0,0.0,0.033379
2024-09-30,300ETF,Spot ETF,rank,2.239,1.5,1.0,1,0.046624,0.046624,0.0008,0.045824,0.079203
2024-10-08,300ETF,Spot ETF,rank,0.3794,1.5,0.0,0,-0.042846,-0.0,0.0008,-0.0008,0.078403
2024-10-09,300ETF,Spot ETF,rank,-1.1157,1.5,-1.0,1,-0.024574,0.024574,0.0008,0.023774,0.102176
2024-10-10,300ETF,Spot ETF,rank,1.0436,1.5,0.0,0,0.012003,0.0,0.0008,-0.0008,0.101376
2024-10-11,300ETF,Spot ETF,rank,-0.8325,1.5,-1.0,1,-0.025337,0.025337,0.0008,0.024537,0.125913
2024-10-14,300ETF,Spot ETF,rank,0.8863,1.5,0.0,0,0.010254,0.0,0.0008,-0.0008,0.125113
2024-10-15,300ETF,Spot ETF,rank,-0.4778,1.5,0.0,0,-0.014526,-0.0,0.0,-0.0,0.125113
2024-10-16,300ETF,Spot ETF,rank,0.2648,1.5,0.0,0,-0.008424,-0.0,0.0,-0.0,0.125113
2024-10-17,300ETF,Spot ETF,rank,0.275,1.5,0.0,0,-0.017125,-0.0,0.0,-0.0,0.125113
2024-10-18,300ETF,Spot ETF,rank,0.2358,1.5,0.0,0,0.05867,0.0,0.0,0.0,0.125113
2024-10-21,300ETF,Spot ETF,rank,0.0299,1.5,0.0,0,0.008251,0.0,0.0,0.0,0.125113
2024-10-22,300ETF,Spot ETF,rank,0.629,1.5,0.0,0,0.000745,0.0,0.0,0.0,0.125113
2024-10-23,300ETF,Spot ETF,rank,-0.3685,1.5,0.0,0,0.004203,0.0,0.0,0.0,0.125113
2024-10-24,300ETF,Spot ETF,rank,-0.5689,1.5,0.0,0,-0.003239,-0.0,0.0,-0.0,0.125113
2024-10-25,300ETF,Spot ETF,rank,0.2544,1.5,0.0,0,0.007695,0.0,0.0,0.0,0.125113
2024-10-28,300ETF,Spot ETF,rank,-1.107,1.5,-1.0,1,0.003727,-0.003727,0.0008,-0.004527,0.120586
2024-10-29,300ETF,Spot ETF,rank,0.3587,1.5,0.0,0,-0.008186,-0.0,0.0008,-0.0008,0.119786
2024-10-30,300ETF,Spot ETF,rank,0.0609,1.5,0.0,0,-0.009786,-0.0,0.0,-0.0,0.119786
2024-10-31,300ETF,Spot ETF,rank,-0.7927,1.5,0.0,0,0.00732,0.0,0.0,0.0,0.119786
2024-11-01,300ETF,Spot ETF,rank,0.8858,1.5,0.0,0,-0.002502,-0.0,0.0,-0.0,0.119786
2024-11-04,300ETF,Spot ETF,rank,-0.04,1.5,0.0,0,0.005003,0.0,0.0,0.0,0.119786
2024-11-05,300ETF,Spot ETF,rank,0.2856,1.5,0.0,0,0.017591,0.0,0.0,0.0,0.119786
2024-11-06,300ETF,Spot ETF,rank,0.0042,1.5,0.0,0,-0.005815,-0.0,0.0,-0.0,0.119786
2024-11-07,300ETF,Spot ETF,rank,0.4518,1.5,0.0,0,0.022106,0.0,0.0,0.0,0.119786
2024-11-08,300ETF,Spot ETF,rank,-0.2419,1.5,0.0,0,-0.011131,-0.0,0.0,-0.0,0.119786
2024-11-11,300ETF,Spot ETF,rank,-0.2631,1.5,0.0,0,0.009082,0.0,0.0,0.0,0.119786
2024-11-12,300ETF,Spot ETF,rank,1.1988,1.5,0.0,0,-0.022831,-0.0,0.0,-0.0,0.119786
2024-11-13,300ETF,Spot ETF,rank,0.3974,1.5,0.0,0,0.004068,0.0,0.0,0.0,0.119786
2024-11-14,300ETF,Spot ETF,rank,-0.0932,1.5,0.0,0,-0.011522,-0.0,0.0,-0.0,0.119786
2024-11-15,300ETF,Spot ETF,rank,-0.0243,1.5,0.0,0,-0.004639,-0.0,0.0,-0.0,0.119786
2024-11-18,300ETF,Spot ETF,rank,0.2373,1.5,0.0,0,-0.007406,-0.0,0.0,-0.0,0.119786
2024-11-19,300ETF,Spot ETF,rank,0.3629,1.5,0.0,0,0.00173,0.0,0.0,0.0,0.119786
2024-11-20,300ETF,Spot ETF,rank,-0.3435,1.5,0.0,0,0.005917,0.0,0.0,0.0,0.119786
2024-11-21,300ETF,Spot ETF,rank,-0.1038,1.5,0.0,0,0.002216,0.0,0.0,0.0,0.119786
2024-11-22,300ETF,Spot ETF,rank,-0.3174,1.5,0.0,0,-0.0174,-0.0,0.0,-0.0,0.119786
2024-11-25,300ETF,Spot ETF,rank,0.3708,1.5,0.0,0,-0.006108,-0.0,0.0,-0.0,0.119786
2024-11-26,300ETF,Spot ETF,rank,0.1968,1.5,0.0,0,-0.001782,-0.0,0.0,-0.0,0.119786
2024-11-27,300ETF,Spot ETF,rank,-0.2084,1.5,0.0,0,0.019256,0.0,0.0,0.0,0.119786
2024-11-28,300ETF,Spot ETF,rank,-0.2728,1.5,0.0,0,-0.003275,-0.0,0.0,-0.0,0.119786
2024-11-29,300ETF,Spot ETF,rank,0.9894,1.5,0.0,0,0.01028,0.0,0.0,0.0,0.119786
2024-12-02,300ETF,Spot ETF,rank,0.7791,1.5,0.0,0,-0.003229,-0.0,0.0,-0.0,0.119786
2024-12-03,300ETF,Spot ETF,rank,-0.807,1.5,-1.0,1,0.006704,-0.006704,0.0008,-0.007504,0.112282
2024-12-04,300ETF,Spot ETF,rank,-0.8791,1.5,-1.0,1,-0.000997,0.000997,0.0,0.000997,0.113279
2024-12-05,300ETF,Spot ETF,rank,-0.0455,1.5,0.0,0,-0.00075,-0.0,0.0008,-0.0008,0.112479
2024-12-06,300ETF,Spot ETF,rank,0.2294,1.5,0.0,0,0.013868,0.0,0.0,0.0,0.112479
2024-12-09,300ETF,Spot ETF,rank,-0.0048,1.5,0.0,0,-0.001234,-0.0,0.0,-0.0,0.112479
2024-12-10,300ETF,Spot ETF,rank,-0.2948,1.5,0.0,0,-0.008521,-0.0,0.0,-0.0,0.112479
2024-12-11,300ETF,Spot ETF,rank,0.2684,1.5,0.0,0,-0.001716,-0.0,0.0,-0.0,0.112479
2024-12-12,300ETF,Spot ETF,rank,-0.3084,1.5,0.0,0,0.008798,0.0,0.0,0.0,0.112479
2024-12-13,300ETF,Spot ETF,rank,-1.1013,1.5,-1.0,1,-0.006189,0.006189,0.0008,0.005389,0.117868
2024-12-16,300ETF,Spot ETF,rank,-0.1287,1.5,0.0,0,-0.005746,-0.0,0.0008,-0.0008,0.117068
2024-12-17,300ETF,Spot ETF,rank,1.0691,1.5,0.0,0,-0.006224,-0.0,0.0,-0.0,0.117068
2024-12-18,300ETF,Spot ETF,rank,0.6191,1.5,0.0,0,-0.002731,-0.0,0.0,-0.0,0.117068
2024-12-19,300ETF,Spot ETF,rank,-0.1478,1.5,0.0,0,0.002733,0.0,0.0,0.0,0.117068
2024-12-20,300ETF,Spot ETF,rank,-0.3962,1.5,0.0,0,-0.00199,-0.0,0.0,-0.0,0.117068
2024-12-23,300ETF,Spot ETF,rank,1.0978,1.5,0.0,0,-0.003225,-0.0,0.0,-0.0,0.117068
2024-12-24,300ETF,Spot ETF,rank,0.579,1.5,0.0,0,0.004193,0.0,0.0,0.0,0.117068
2024-12-25,300ETF,Spot ETF,rank,0.0848,1.5,0.0,0,-0.005643,-0.0,0.0,-0.0,0.117068
2024-12-26,300ETF,Spot ETF,rank,-0.5131,1.5,0.0,0,0.002948,0.0,0.0,0.0,0.117068
2024-12-27,300ETF,Spot ETF,rank,-0.5953,1.5,0.0,0,0.001475,0.0,0.0,0.0,0.117068
2024-12-30,300ETF,Spot ETF,rank,0.772,1.5,0.0,0,0.000734,0.0,0.0,0.0,0.117068
2024-12-31,300ETF,Spot ETF,rank,-0.2059,1.5,0.0,0,-0.011341,-0.0,0.0,-0.0,0.117068
2025-01-02,300ETF,Spot ETF,rank,-0.7779,1.5,0.0,0,-0.021304,-0.0,0.0,-0.0,0.117068
2025-01-03,300ETF,Spot ETF,rank,-0.3858,1.5,0.0,0,-0.007734,-0.0,0.0,-0.0,0.117068
2025-01-06,300ETF,Spot ETF,rank,-0.3045,1.5,0.0,0,0.000522,0.0,0.0,0.0,0.117068
2025-01-07,300ETF,Spot ETF,rank,0.4841,1.5,0.0,0,0.003879,0.0,0.0,0.0,0.117068
2025-01-08,300ETF,Spot ETF,rank,-0.6227,1.5,0.0,0,0.001293,0.0,0.0,0.0,0.117068
2025-01-09,300ETF,Spot ETF,rank,-0.37,1.5,0.0,0,0.001807,0.0,0.0,0.0,0.117068
2025-01-10,300ETF,Spot ETF,rank,-0.1835,1.5,0.0,0,-0.003382,-0.0,0.0,-0.0,0.117068
2025-01-13,300ETF,Spot ETF,rank,0.2454,1.5,0.0,0,-0.003152,-0.0,0.0,-0.0,0.117068
2025-01-14,300ETF,Spot ETF,rank,0.7446,1.5,0.0,0,0.01318,0.0,0.0,0.0,0.117068
2025-01-15,300ETF,Spot ETF,rank,-0.5163,1.5,0.0,0,-0.003086,-0.0,0.0,-0.0,0.117068
2025-01-16,300ETF,Spot ETF,rank,1.2309,1.5,0.0,0,-0.007448,-0.0,0.0,-0.0,0.117068
2025-01-17,300ETF,Spot ETF,rank,-0.2233,1.5,0.0,0,0.00514,0.0,0.0,0.0,0.117068
2025-01-20,300ETF,Spot ETF,rank,0.8432,1.5,0.0,0,-0.006617,-0.0,0.0,-0.0,0.117068
2025-01-21,300ETF,Spot ETF,rank,-0.8652,1.5,-1.0,1,0.003066,-0.003066,0.0008,-0.003866,0.113202
2025-01-22,300ETF,Spot ETF,rank,-0.764,1.5,0.0,0,0.001031,0.0,0.0008,-0.0008,0.112402
2025-01-23,300ETF,Spot ETF,rank,0.7343,1.5,0.0,0,-0.008934,-0.0,0.0,-0.0,0.112402
2025-01-24,300ETF,Spot ETF,rank,0.4696,1.5,0.0,0,0.003314,0.0,0.0,0.0,0.112402
2025-01-27,300ETF,Spot ETF,rank,0.3843,1.5,0.0,0,-0.00051,-0.0,0.0,-0.0,0.112402
2025-02-05,300ETF,Spot ETF,rank,-1.1744,1.5,-1.0,1,-0.002827,0.002827,0.0008,0.002027,0.114429
2025-02-06,300ETF,Spot ETF,rank,0.1332,1.5,0.0,0,0.010996,0.0,0.0008,-0.0008,0.113629
2025-02-07,300ETF,Spot ETF,rank,0.0111,1.5,0.0,0,0.002525,0.0,0.0,0.0,0.113629
2025-02-10,300ETF,Spot ETF,rank,-0.5776,1.5,0.0,0,-0.000752,-0.0,0.0,-0.0,0.113629
2025-02-11,300ETF,Spot ETF,rank,-0.971,1.5,-1.0,1,-0.000503,0.000503,0.0008,-0.000297,0.113332
2025-02-12,300ETF,Spot ETF,rank,-0.1536,1.5,0.0,0,0.001005,0.0,0.0008,-0.0008,0.112532
2025-02-13,300ETF,Spot ETF,rank,-0.1225,1.5,0.0,0,-0.001246,-0.0,0.0,-0.0,0.112532
2025-02-14,300ETF,Spot ETF,rank,0.2489,1.5,0.0,0,0.006726,0.0,0.0,0.0,0.112532
2025-02-17,300ETF,Spot ETF,rank,-0.2888,1.5,0.0,0,0.000744,0.0,0.0,0.0,0.112532
2025-02-18,300ETF,Spot ETF,rank,-0.3044,1.5,0.0,0,-0.00946,-0.0,0.0,-0.0,0.112532
2025-02-19,300ETF,Spot ETF,rank,-0.0193,1.5,0.0,0,0.00348,0.0,0.0,0.0,0.112532
2025-02-20,300ETF,Spot ETF,rank,-0.5737,1.5,0.0,0,0.001988,0.0,0.0,0.0,0.112532
2025-02-21,300ETF,Spot ETF,rank,0.1537,1.5,0.0,0,0.013334,0.0,0.0,0.0,0.112532
2025-02-24,300ETF,Spot ETF,rank,0.2689,1.5,0.0,0,-0.003687,-0.0,0.0,-0.0,0.112532
2025-02-25,300ETF,Spot ETF,rank,-0.8261,1.5,-1.0,1,-0.004224,0.004224,0.0008,0.003424,0.115956
2025-02-26,300ETF,Spot ETF,rank,0.4259,1.5,0.0,0,0.002227,0.0,0.0008,-0.0008,0.115156
2025-02-27,300ETF,Spot ETF,rank,0.1036,1.5,0.0,0,0.00148,0.0,0.0,0.0,0.115156
2025-02-28,300ETF,Spot ETF,rank,-0.1417,1.5,0.0,0,-0.011955,-0.0,0.0,-0.0,0.115156
2025-03-03,300ETF,Spot ETF,rank,-0.0391,1.5,0.0,0,-0.007772,-0.0,0.0,-0.0,0.115156
2025-03-04,300ETF,Spot ETF,rank,-0.5384,1.5,0.0,0,0.003274,0.0,0.0,0.0,0.115156
2025-03-05,300ETF,Spot ETF,rank,-0.1181,1.5,0.0,0,0.004017,0.0,0.0,0.0,0.115156
2025-03-06,300ETF,Spot ETF,rank,-0.1532,1.5,0.0,0,0.006426,0.0,0.0,0.0,0.115156
2025-03-07,300ETF,Spot ETF,rank,-0.5266,1.5,0.0,0,-0.000496,-0.0,0.0,-0.0,0.115156
2025-03-10,300ETF,Spot ETF,rank,-0.4503,1.5,0.0,0,0.002988,0.0,0.0,0.0,0.115156
2025-03-11,300ETF,Spot ETF,rank,-0.3667,1.5,0.0,0,0.001246,0.0,0.0,0.0,0.115156
2025-03-12,300ETF,Spot ETF,rank,-0.9285,1.5,-1.0,1,0.0,-0.0,0.0008,-0.0008,0.114356
2025-03-13,300ETF,Spot ETF,rank,0.159,1.5,0.0,0,-0.001993,-0.0,0.0008,-0.0008,0.113556
2025-03-14,300ETF,Spot ETF,rank,1.4346,1.5,0.0,0,0.009065,0.0,0.0,0.0,0.113556
2025-03-17,300ETF,Spot ETF,rank,-0.3559,1.5,0.0,0,-0.001221,-0.0,0.0,-0.0,0.113556
2025-03-18,300ETF,Spot ETF,rank,-0.4945,1.5,0.0,0,-0.000731,-0.0,0.0,-0.0,0.113556
2025-03-19,300ETF,Spot ETF,rank,-0.2952,1.5,0.0,0,0.003663,0.0,0.0,0.0,0.113556
2025-03-20,300ETF,Spot ETF,rank,-0.8131,1.5,-1.0,1,0.0,-0.0,0.0008,-0.0008,0.112756
2025-03-21,300ETF,Spot ETF,rank,0.0625,1.5,0.0,0,-0.013858,-0.0,0.0008,-0.0008,0.111956
2025-03-24,300ETF,Spot ETF,rank,0.1398,1.5,0.0,0,0.000498,0.0,0.0,0.0,0.111956
2025-03-25,300ETF,Spot ETF,rank,-0.1504,1.5,0.0,0,0.0,0.0,0.0,0.0,0.111956
2025-03-26,300ETF,Spot ETF,rank,0.0526,1.5,0.0,0,-0.005964,-0.0,0.0,-0.0,0.111956
2025-03-27,300ETF,Spot ETF,rank,-0.0968,1.5,0.0,0,0.001492,0.0,0.0,0.0,0.111956
2025-03-28,300ETF,Spot ETF,rank,-0.5259,1.5,0.0,0,0.0,0.0,0.0,0.0,0.111956
2025-03-31,300ETF,Spot ETF,rank,0.0223,1.5,0.0,0,-0.007002,-0.0,0.0,-0.0,0.111956
2025-04-01,300ETF,Spot ETF,rank,-0.2914,1.5,0.0,0,-0.001505,-0.0,0.0,-0.0,0.111956
2025-04-02,300ETF,Spot ETF,rank,-0.0085,1.5,0.0,0,-0.003517,-0.0,0.0,-0.0,0.111956
2025-04-03,300ETF,Spot ETF,rank,-0.0153,1.5,0.0,0,-0.003282,-0.0,0.0,-0.0,0.111956
2025-04-07,300ETF,Spot ETF,rank,-1.4961,1.5,-1.0,1,-0.022436,0.022436,0.0008,0.021636,0.133592
2025-04-08,300ETF,Spot ETF,rank,0.5412,1.5,0.0,0,0.00027,0.0,0.0008,-0.0008,0.132792
2025-04-09,300ETF,Spot ETF,rank,-0.622,1.5,0.0,0,0.018732,0.0,0.0,0.0,0.132792
2025-04-10,300ETF,Spot ETF,rank,-0.192,1.5,0.0,0,-0.003389,-0.0,0.0,-0.0,0.132792
2025-04-11,300ETF,Spot ETF,rank,-0.5346,1.5,0.0,0,0.007056,0.0,0.0,0.0,0.132792
2025-04-14,300ETF,Spot ETF,rank,-0.4304,1.5,0.0,0,-0.002075,-0.0,0.0,-0.0,0.132792
2025-04-15,300ETF,Spot ETF,rank,-0.7787,1.5,0.0,0,0.00287,0.0,0.0,0.0,0.132792
2025-04-16,300ETF,Spot ETF,rank,-1.0161,1.5,-1.0,1,-0.000261,0.000261,0.0008,-0.000539,0.132254
2025-04-17,300ETF,Spot ETF,rank,-0.1945,1.5,0.0,0,0.000518,0.0,0.0008,-0.0008,0.131454
2025-04-18,300ETF,Spot ETF,rank,-0.5812,1.5,0.0,0,0.001556,0.0,0.0,0.0,0.131454
2025-04-21,300ETF,Spot ETF,rank,0.548,1.5,0.0,0,0.000773,0.0,0.0,0.0,0.131454
2025-04-22,300ETF,Spot ETF,rank,0.1016,1.5,0.0,0,0.0,0.0,0.0,0.0,0.131454
2025-04-23,300ETF,Spot ETF,rank,-0.6361,1.5,0.0,0,0.000773,0.0,0.0,0.0,0.131454
2025-04-24,300ETF,Spot ETF,rank,0.231,1.5,0.0,0,-0.002315,-0.0,0.0,-0.0,0.131454
2025-04-25,300ETF,Spot ETF,rank,-0.338,1.5,0.0,0,-0.000772,-0.0,0.0,-0.0,0.131454
2025-04-28,300ETF,Spot ETF,rank,-0.8826,1.5,-1.0,1,0.001808,-0.001808,0.0008,-0.002608,0.128846
2025-04-29,300ETF,Spot ETF,rank,-0.5878,1.5,0.0,0,-0.000517,-0.0,0.0008,-0.0008,0.128046
2025-04-30,300ETF,Spot ETF,rank,-0.0644,1.5,0.0,0,-0.000258,-0.0,0.0,-0.0,0.128046
2025-05-06,300ETF,Spot ETF,rank,-0.6162,1.5,0.0,0,0.001283,0.0,0.0,0.0,0.128046
2025-05-07,300ETF,Spot ETF,rank,-0.6082,1.5,0.0,0,-0.002806,-0.0,0.0,-0.0,0.128046
2025-05-08,300ETF,Spot ETF,rank,0.8413,1.5,0.0,0,-0.000506,-0.0,0.0,-0.0,0.128046
2025-05-09,300ETF,Spot ETF,rank,-0.4035,1.5,0.0,0,-0.000507,-0.0,0.0,-0.0,0.128046
2025-05-12,300ETF,Spot ETF,rank,-0.2243,1.5,0.0,0,0.002766,0.0,0.0,0.0,0.128046
2025-05-13,300ETF,Spot ETF,rank,-0.8847,1.5,-1.0,1,-0.001,0.001,0.0008,0.0002,0.128246
2025-05-14,300ETF,Spot ETF,rank,-0.3669,1.5,0.0,0,0.01045,0.0,0.0008,-0.0008,0.127446
2025-05-15,300ETF,Spot ETF,rank,-0.5147,1.5,0.0,0,-0.001992,-0.0,0.0,-0.0,0.127446
2025-05-16,300ETF,Spot ETF,rank,-0.4218,1.5,0.0,0,-0.00451,-0.0,0.0,-0.0,0.127446
2025-05-19,300ETF,Spot ETF,rank,-0.523,1.5,0.0,0,0.003523,0.0,0.0,0.0,0.127446
2025-05-20,300ETF,Spot ETF,rank,-0.061,1.5,0.0,0,0.004255,0.0,0.0,0.0,0.127446
2025-05-21,300ETF,Spot ETF,rank,0.5849,1.5,0.0,0,0.001245,0.0,0.0,0.0,0.127446
2025-05-22,300ETF,Spot ETF,rank,-0.6307,1.5,0.0,0,0.000746,0.0,0.0,0.0,0.127446
2025-05-23,300ETF,Spot ETF,rank,0.392,1.5,0.0,0,-0.009479,-0.0,0.0,-0.0,0.127446
2025-05-26,300ETF,Spot ETF,rank,-0.4647,1.5,0.0,0,-0.004784,-0.0,0.0,-0.0,0.127446
2025-05-27,300ETF,Spot ETF,rank,-0.1884,1.5,0.0,0,-0.003794,-0.0,0.0,-0.0,0.127446
2025-05-28,300ETF,Spot ETF,rank,-0.0412,1.5,0.0,0,-0.002532,-0.0,0.0,-0.0,0.127446
2025-05-29,300ETF,Spot ETF,rank,0.259,1.5,0.0,0,0.000757,0.0,0.0,0.0,0.127446
2025-05-30,300ETF,Spot ETF,rank,-0.255,1.5,0.0,0,0.004305,0.0,0.0,0.0,0.127446
2025-06-03,300ETF,Spot ETF,rank,0.2331,1.5,0.0,0,0.000757,0.0,0.0,0.0,0.127446
2025-06-04,300ETF,Spot ETF,rank,0.4651,1.5,0.0,0,-0.000252,-0.0,0.0,-0.0,0.127446
2025-06-05,300ETF,Spot ETF,rank,-0.4915,1.5,0.0,0,0.003771,0.0,0.0,0.0,0.127446
2025-06-06,300ETF,Spot ETF,rank,-0.2829,1.5,0.0,0,-0.000251,-0.0,0.0,-0.0,0.127446
2025-06-09,300ETF,Spot ETF,rank,-0.0074,1.5,0.0,0,-0.001001,-0.0,0.0,-0.0,0.127446
2025-06-10,300ETF,Spot ETF,rank,-0.0753,1.5,0.0,0,-0.006773,-0.0,0.0,-0.0,0.127446
2025-06-11,300ETF,Spot ETF,rank,1.4199,1.5,0.0,0,-0.00299,-0.0,0.0,-0.0,0.127446
2025-06-12,300ETF,Spot ETF,rank,-0.5575,1.5,0.0,0,0.0025,0.0,0.0,0.0,0.127446
2025-06-13,300ETF,Spot ETF,rank,-0.2395,1.5,0.0,0,-0.001757,-0.0,0.0,-0.0,0.127446
2025-06-16,300ETF,Spot ETF,rank,-0.1288,1.5,0.0,0,0.002007,0.0,0.0,0.0,0.127446
2025-06-17,300ETF,Spot ETF,rank,-0.212,1.5,0.0,0,-0.002758,-0.0,0.0,-0.0,0.127446
2025-06-18,300ETF,Spot ETF,rank,0.0143,1.5,0.0,0,0.001282,0.0,0.0,0.0,0.127446
2025-06-19,300ETF,Spot ETF,rank,-0.4757,1.5,0.0,0,-0.007473,-0.0,0.0,-0.0,0.127446
2025-06-20,300ETF,Spot ETF,rank,0.3916,1.5,0.0,0,-0.002062,-0.0,0.0,-0.0,0.127446
2025-06-23,300ETF,Spot ETF,rank,-0.2851,1.5,0.0,0,0.006179,0.0,0.0,0.0,0.127446
2025-06-24,300ETF,Spot ETF,rank,1.0955,1.5,0.0,0,0.000509,0.0,0.0,0.0,0.127446
2025-06-25,300ETF,Spot ETF,rank,0.0818,1.5,0.0,0,0.012091,0.0,0.0,0.0,0.127446
2025-06-26,300ETF,Spot ETF,rank,-0.2177,1.5,0.0,0,-0.002254,-0.0,0.0,-0.0,0.127446
2025-06-27,300ETF,Spot ETF,rank,0.1155,1.5,0.0,0,-0.01005,-0.0,0.0,-0.0,0.127446
2025-06-30,300ETF,Spot ETF,rank,0.0772,1.5,0.0,0,0.003271,0.0,0.0,0.0,0.127446
2025-07-01,300ETF,Spot ETF,rank,-0.6038,1.5,0.0,0,0.00201,0.0,0.0,0.0,0.127446
2025-07-02,300ETF,Spot ETF,rank,-0.4541,1.5,0.0,0,0.002258,0.0,0.0,0.0,0.127446
2025-07-03,300ETF,Spot ETF,rank,0.0564,1.5,0.0,0,0.002993,0.0,0.0,0.0,0.127446
2025-07-04,300ETF,Spot ETF,rank,-0.4748,1.5,0.0,0,0.003234,0.0,0.0,0.0,0.127446
2025-07-07,300ETF,Spot ETF,rank,-0.7311,1.5,0.0,0,0.000498,0.0,0.0,0.0,0.127446
2025-07-08,300ETF,Spot ETF,rank,0.3916,1.5,0.0,0,0.005691,0.0,0.0,0.0,0.127446
2025-07-09,300ETF,Spot ETF,rank,0.0317,1.5,0.0,0,-0.000247,-0.0,0.0,-0.0,0.127446
2025-07-10,300ETF,Spot ETF,rank,-0.0427,1.5,0.0,0,0.004437,0.0,0.0,0.0,0.127446
2025-07-11,300ETF,Spot ETF,rank,0.2071,1.5,0.0,0,0.001711,0.0,0.0,0.0,0.127446
2025-07-14,300ETF,Spot ETF,rank,-0.0673,1.5,0.0,0,0.000979,0.0,0.0,0.0,0.127446
2025-07-15,300ETF,Spot ETF,rank,0.5609,1.5,0.0,0,-0.003912,-0.0,0.0,-0.0,0.127446
2025-07-16,300ETF,Spot ETF,rank,-0.3178,1.5,0.0,0,-0.005148,-0.0,0.0,-0.0,0.127446
2025-07-17,300ETF,Spot ETF,rank,0.4072,1.5,0.0,0,0.003912,0.0,0.0,0.0,0.127446
2025-07-18,300ETF,Spot ETF,rank,0.611,1.5,0.0,0,-0.001697,-0.0,0.0,-0.0,0.127446
2025-07-21,300ETF,Spot ETF,rank,-0.2556,1.5,0.0,0,0.002649,0.0,0.0,0.0,0.127446
2025-07-22,300ETF,Spot ETF,rank,0.0352,1.5,0.0,0,0.009102,0.0,0.0,0.0,0.127446
2025-07-23,300ETF,Spot ETF,rank,0.116,1.5,0.0,0,-0.003567,-0.0,0.0,-0.0,0.127446
2025-07-24,300ETF,Spot ETF,rank,0.1055,1.5,0.0,0,0.005932,0.0,0.0,0.0,0.127446
2025-07-25,300ETF,Spot ETF,rank,-0.3947,1.5,0.0,0,-0.002137,-0.0,0.0,-0.0,0.127446
2025-07-28,300ETF,Spot ETF,rank,-0.429,1.5,0.0,0,-0.000712,-0.0,0.0,-0.0,0.127446
2025-07-29,300ETF,Spot ETF,rank,0.1863,1.5,0.0,0,0.007836,0.0,0.0,0.0,0.127446
2025-07-30,300ETF,Spot ETF,rank,0.1399,1.5,0.0,0,-0.001888,-0.0,0.0,-0.0,0.127446
2025-07-31,300ETF,Spot ETF,rank,-0.7885,1.5,0.0,0,-0.008889,-0.0,0.0,-0.0,0.127446
2025-08-01,300ETF,Spot ETF,rank,0.1596,1.5,0.0,0,-0.00531,-0.0,0.0,-0.0,0.127446
2025-08-04,300ETF,Spot ETF,rank,0.2593,1.5,0.0,0,0.002656,0.0,0.0,0.0,0.127446
2025-08-05,300ETF,Spot ETF,rank,-0.1142,1.5,0.0,0,0.005518,0.0,0.0,0.0,0.127446
2025-08-06,300ETF,Spot ETF,rank,0.084,1.5,0.0,0,0.002387,0.0,0.0,0.0,0.127446
2025-08-07,300ETF,Spot ETF,rank,0.0757,1.5,0.0,0,-0.000477,-0.0,0.0,-0.0,0.127446
2025-08-08,300ETF,Spot ETF,rank,-0.4535,1.5,0.0,0,0.001913,0.0,0.0,0.0,0.127446
2025-08-11,300ETF,Spot ETF,rank,-0.3346,1.5,0.0,0,0.001665,0.0,0.0,0.0,0.127446
2025-08-12,300ETF,Spot ETF,rank,0.3647,1.5,0.0,0,0.00071,0.0,0.0,0.0,0.127446
2025-08-13,300ETF,Spot ETF,rank,0.3801,1.5,0.0,0,0.001885,0.0,0.0,0.0,0.127446
2025-08-14,300ETF,Spot ETF,rank,0.8806,1.5,0.0,0,-0.002806,-0.0,0.0,-0.0,0.127446
2025-08-15,300ETF,Spot ETF,rank,0.1889,1.5,0.0,0,0.004679,0.0,0.0,0.0,0.127446
2025-08-18,300ETF,Spot ETF,rank,-0.0014,1.5,0.0,0,0.003473,0.0,0.0,0.0,0.127446
2025-08-19,300ETF,Spot ETF,rank,0.781,1.5,0.0,0,-0.005091,-0.0,0.0,-0.0,0.127446
2025-08-20,300ETF,Spot ETF,rank,0.0059,1.5,0.0,0,0.007394,0.0,0.0,0.0,0.127446
2025-08-21,300ETF,Spot ETF,rank,0.4717,1.5,0.0,0,0.000459,0.0,0.0,0.0,0.127446
2025-08-22,300ETF,Spot ETF,rank,0.8969,1.5,0.0,0,0.014431,0.0,0.0,0.0,0.127446
2025-08-25,300ETF,Spot ETF,rank,1.0612,1.5,0.0,0,0.007066,0.0,0.0,0.0,0.127446
2025-08-26,300ETF,Spot ETF,rank,-0.6121,1.5,0.0,0,0.002637,0.0,0.0,0.0,0.127446
2025-08-27,300ETF,Spot ETF,rank,0.3159,1.5,0.0,0,-0.003751,-0.0,0.0,-0.0,0.127446
2025-08-28,300ETF,Spot ETF,rank,0.6792,1.5,0.0,0,0.010664,0.0,0.0,0.0,0.127446
2025-08-29,300ETF,Spot ETF,rank,0.7871,1.5,0.0,0,0.00218,0.0,0.0,0.0,0.127446
2025-09-01,300ETF,Spot ETF,rank,-0.3914,1.5,0.0,0,0.005865,0.0,0.0,0.0,0.127446
2025-09-02,300ETF,Spot ETF,rank,0.7076,1.5,0.0,0,-0.008701,-0.0,0.0,-0.0,0.127446
2025-09-03,300ETF,Spot ETF,rank,-0.1508,1.5,0.0,0,-0.003286,-0.0,0.0,-0.0,0.127446
2025-09-04,300ETF,Spot ETF,rank,-0.5025,1.5,0.0,0,-0.018604,-0.0,0.0,-0.0,0.127446
2025-09-05,300ETF,Spot ETF,rank,0.1339,1.5,0.0,0,0.014838,0.0,0.0,0.0,0.127446
2025-09-08,300ETF,Spot ETF,rank,0.3899,1.5,0.0,0,0.001315,0.0,0.0,0.0,0.127446
2025-09-09,300ETF,Spot ETF,rank,0.018,1.5,0.0,0,-0.009911,-0.0,0.0,-0.0,0.127446
2025-09-10,300ETF,Spot ETF,rank,0.4887,1.5,0.0,0,0.001101,0.0,0.0,0.0,0.127446
2025-09-11,300ETF,Spot ETF,rank,0.0793,1.5,0.0,0,0.020453,0.0,0.0,0.0,0.127446
2025-09-12,300ETF,Spot ETF,rank,0.2574,1.5,0.0,0,-0.006036,-0.0,0.0,-0.0,0.127446
2025-09-15,300ETF,Spot ETF,rank,0.3976,1.5,0.0,0,-0.001294,-0.0,0.0,-0.0,0.127446
2025-09-16,300ETF,Spot ETF,rank,0.1997,1.5,0.0,0,-0.003031,-0.0,0.0,-0.0,0.127446
2025-09-17,300ETF,Spot ETF,rank,0.0672,1.5,0.0,0,0.005182,0.0,0.0,0.0,0.127446
2025-09-18,300ETF,Spot ETF,rank,-0.3327,1.5,0.0,0,-0.013656,-0.0,0.0,-0.0,0.127446
2025-09-19,300ETF,Spot ETF,rank,0.5317,1.5,0.0,0,0.002821,0.0,0.0,0.0,0.127446
2025-09-22,300ETF,Spot ETF,rank,-0.7709,1.5,0.0,0,0.006304,0.0,0.0,0.0,0.127446
2025-09-23,300ETF,Spot ETF,rank,-0.0565,1.5,0.0,0,-0.008239,-0.0,0.0,-0.0,0.127446
2025-09-24,300ETF,Spot ETF,rank,0.4573,1.5,0.0,0,0.004742,0.0,0.0,0.0,0.127446
2025-09-25,300ETF,Spot ETF,rank,0.0955,1.5,0.0,0,0.010031,0.0,0.0,0.0,0.127446
2025-09-26,300ETF,Spot ETF,rank,-0.0227,1.5,0.0,0,-0.005567,-0.0,0.0,-0.0,0.127446
2025-09-29,300ETF,Spot ETF,rank,-0.0565,1.5,0.0,0,0.01515,0.0,0.0,0.0,0.127446
2025-09-30,300ETF,Spot ETF,rank,0.3062,1.5,0.0,0,0.000632,0.0,0.0,0.0,0.127446
2025-10-09,300ETF,Spot ETF,rank,0.1742,1.5,0.0,0,0.010646,0.0,0.0,0.0,0.127446
2025-10-10,300ETF,Spot ETF,rank,-0.7362,1.5,0.0,0,-0.010323,-0.0,0.0,-0.0,0.127446
2025-10-13,300ETF,Spot ETF,rank,-0.296,1.5,0.0,0,0.011125,0.0,0.0,0.0,0.127446
2025-10-14,300ETF,Spot ETF,rank,-0.0594,1.5,0.0,0,-0.0188,-0.0,0.0,-0.0,0.127446
2025-10-15,300ETF,Spot ETF,rank,-0.4941,1.5,0.0,0,0.010688,0.0,0.0,0.0,0.127446
2025-10-16,300ETF,Spot ETF,rank,0.8578,1.5,0.0,0,-0.001483,-0.0,0.0,-0.0,0.127446
2025-10-17,300ETF,Spot ETF,rank,-0.2386,1.5,0.0,0,-0.010762,-0.0,0.0,-0.0,0.127446
2025-10-20,300ETF,Spot ETF,rank,-0.2635,1.5,0.0,0,-0.007105,-0.0,0.0,-0.0,0.127446
2025-10-21,300ETF,Spot ETF,rank,0.5701,1.5,0.0,0,0.004469,0.0,0.0,0.0,0.127446
2025-10-22,300ETF,Spot ETF,rank,-0.4593,1.5,0.0,0,0.001918,0.0,0.0,0.0,0.127446
2025-10-23,300ETF,Spot ETF,rank,-0.2069,1.5,0.0,0,0.009404,0.0,0.0,0.0,0.127446
2025-10-24,300ETF,Spot ETF,rank,0.8581,1.5,0.0,0,0.005895,0.0,0.0,0.0,0.127446
2025-10-27,300ETF,Spot ETF,rank,0.1371,1.5,0.0,0,0.00166,0.0,0.0,0.0,0.127446
2025-10-28,300ETF,Spot ETF,rank,-0.5048,1.5,0.0,0,-0.002285,-0.0,0.0,-0.0,0.127446
2025-10-29,300ETF,Spot ETF,rank,0.3761,1.5,0.0,0,0.006822,0.0,0.0,0.0,0.127446
2025-10-30,300ETF,Spot ETF,rank,0.0567,1.5,0.0,0,-0.003717,-0.0,0.0,-0.0,0.127446
2025-10-31,300ETF,Spot ETF,rank,-0.6392,1.5,0.0,0,-0.007321,-0.0,0.0,-0.0,0.127446
2025-11-03,300ETF,Spot ETF,rank,-0.3664,1.5,0.0,0,0.007173,0.0,0.0,0.0,0.127446
2025-11-04,300ETF,Spot ETF,rank,0.316,1.5,0.0,0,-0.00866,-0.0,0.0,-0.0,0.127446
2025-11-05,300ETF,Spot ETF,rank,-0.8281,1.5,-1.0,1,0.010806,-0.010806,0.0008,-0.011606,0.11584
2025-11-06,300ETF,Spot ETF,rank,1.1503,1.5,0.0,0,0.00585,0.0,0.0008,-0.0008,0.11504
2025-11-07,300ETF,Spot ETF,rank,-0.4337,1.5,0.0,0,0.000834,0.0,0.0,0.0,0.11504
2025-11-10,300ETF,Spot ETF,rank,-0.2502,1.5,0.0,0,0.006892,0.0,0.0,0.0,0.11504
2025-11-11,300ETF,Spot ETF,rank,-0.6352,1.5,0.0,0,-0.006272,-0.0,0.0,-0.0,0.11504
2025-11-12,300ETF,Spot ETF,rank,-0.2471,1.5,0.0,0,-0.001049,-0.0,0.0,-0.0,0.11504
2025-11-13,300ETF,Spot ETF,rank,0.3892,1.5,0.0,0,0.007097,0.0,0.0,0.0,0.11504
2025-11-14,300ETF,Spot ETF,rank,-0.56,1.5,0.0,0,-0.00335,-0.0,0.0,-0.0,0.11504
2025-11-17,300ETF,Spot ETF,rank,-0.2947,1.5,0.0,0,0.000425,0.0,0.0,0.0,0.11504
2025-11-18,300ETF,Spot ETF,rank,0.0811,1.5,0.0,0,-0.003204,-0.0,0.0,-0.0,0.11504
2025-11-19,300ETF,Spot ETF,rank,0.7904,1.5,0.0,0,0.002126,0.0,0.0,0.0,0.11504
2025-11-20,300ETF,Spot ETF,rank,-0.6287,1.5,0.0,0,-0.005745,-0.0,0.0,-0.0,0.11504
2025-11-21,300ETF,Spot ETF,rank,-0.9298,1.5,-1.0,1,-0.007611,0.007611,0.0008,0.006811,0.121851
2025-11-24,300ETF,Spot ETF,rank,-0.6308,1.5,0.0,0,0.002629,0.0,0.0008,-0.0008,0.121051
2025-11-25,300ETF,Spot ETF,rank,-0.3946,1.5,0.0,0,0.000871,0.0,0.0,0.0,0.121051
2025-11-26,300ETF,Spot ETF,rank,0.1997,1.5,0.0,0,0.001297,0.0,0.0,0.0,0.121051
2025-11-27,300ETF,Spot ETF,rank,0.9457,1.5,0.0,0,-0.007958,-0.0,0.0,-0.0,0.121051
2025-11-28,300ETF,Spot ETF,rank,-0.4723,1.5,0.0,0,0.006061,0.0,0.0,0.0,0.121051
2025-12-01,300ETF,Spot ETF,rank,0.3004,1.5,0.0,0,0.003425,0.0,0.0,0.0,0.121051
2025-12-02,300ETF,Spot ETF,rank,-0.6991,1.5,0.0,0,-0.003854,-0.0,0.0,-0.0,0.121051
2025-12-03,300ETF,Spot ETF,rank,0.3875,1.5,0.0,0,-0.004939,-0.0,0.0,-0.0,0.121051
2025-12-04,300ETF,Spot ETF,rank,0.2917,1.5,0.0,0,0.005601,0.0,0.0,0.0,0.121051
2025-12-05,300ETF,Spot ETF,rank,-0.252,1.5,0.0,0,0.007267,0.0,0.0,0.0,0.121051
2025-12-08,300ETF,Spot ETF,rank,0.6013,1.5,0.0,0,0.005714,0.0,0.0,0.0,0.121051
2025-12-09,300ETF,Spot ETF,rank,-0.3766,1.5,0.0,0,-0.00678,-0.0,0.0,-0.0,0.121051
2025-12-10,300ETF,Spot ETF,rank,-1.143,1.5,-1.0,1,0.008536,-0.008536,0.0008,-0.009336,0.111715
2025-12-11,300ETF,Spot ETF,rank,0.4707,1.5,0.0,0,-0.007877,-0.0,0.0008,-0.0008,0.110915
2025-12-12,300ETF,Spot ETF,rank,-0.7314,1.5,0.0,0,0.006838,0.0,0.0,0.0,0.110915
2025-12-15,300ETF,Spot ETF,rank,0.2465,1.5,0.0,0,-0.005761,-0.0,0.0,-0.0,0.110915
2025-12-16,300ETF,Spot ETF,rank,-0.2982,1.5,0.0,0,-0.004103,-0.0,0.0,-0.0,0.110915
2025-12-17,300ETF,Spot ETF,rank,0.7357,1.5,0.0,0,0.016721,0.0,0.0,0.0,0.110915
2025-12-18,300ETF,Spot ETF,rank,-0.6363,1.5,0.0,0,-0.001709,-0.0,0.0,-0.0,0.110915
2025-12-19,300ETF,Spot ETF,rank,-0.8194,1.5,-1.0,1,0.001708,-0.001708,0.0008,-0.002508,0.108407
2025-12-22,300ETF,Spot ETF,rank,0.8139,1.5,0.0,0,0.0,0.0,0.0008,-0.0008,0.107607
2025-12-23,300ETF,Spot ETF,rank,-0.5614,1.5,0.0,0,-0.001901,-0.0,0.0,-0.0,0.107607
2025-12-24,300ETF,Spot ETF,rank,-0.6682,1.5,0.0,0,0.003793,0.0,0.0,0.0,0.107607
2025-12-25,300ETF,Spot ETF,rank,0.117,1.5,0.0,0,0.003992,0.0,0.0,0.0,0.107607
2025-12-26,300ETF,Spot ETF,rank,0.6344,1.5,0.0,0,-0.002091,-0.0,0.0,-0.0,0.107607
2025-12-29,300ETF,Spot ETF,rank,-0.2909,1.5,0.0,0,-0.004408,-0.0,0.0,-0.0,0.107607
2025-12-30,300ETF,Spot ETF,rank,0.3299,1.5,0.0,0,0.001257,0.0,0.0,0.0,0.107607
2025-12-31,300ETF,Spot ETF,rank,-0.7454,1.5,0.0,0,-0.005252,-0.0,0.0,-0.0,0.107607
